0	1000	0	0	0	0	
1	989.68	10.32	0	0	0	
2	981.04	18.82	0.14	0	0	
3	970.56	29.06	0.38	0	0	
4	960.58	38.92	0.5	0	0	
5	951.62	47.48	0.9	0	0	
6	943.86	55.12	1.02	0	0	
7	935.96	62.28	1.76	0	0	
8	928.1	69.46	2.44	0	0	
9	916.74	79.78	3.44	0.04	0	
10	905.58	89.76	4.58	0.08	0	
11	895.94	98.56	5.28	0.22	0	
12	887.38	105.82	6.62	0.18	0	
13	878.74	113.82	7.2	0.24	0	
14	869.76	122.86	7.06	0.32	0	
15	861.12	131.1	7.4	0.38	0	
16	857.22	133.28	9.06	0.44	0	
17	846.32	141.92	11.08	0.68	0	
18	838.84	148.62	11.88	0.66	0	
19	833.18	152.54	13.3	0.96	0.02	
20	824.86	158.42	15.66	1	0.06	
21	813.94	166.8	18.18	0.96	0.12	
22	801.22	176.66	20.88	1.16	0.08	
23	790.9	185.08	22.3	1.68	0.04	
24	785.56	189.18	23.82	1.38	0.06	
25	778.88	195.1	24.34	1.6	0.08	
26	771.32	201.62	24.86	2.14	0.06	
27	761.22	208.74	27.68	2.28	0.08	
28	752.92	215.66	28.44	2.86	0.12	
29	747.66	218.38	30.58	3.24	0.14	
30	741.52	222.16	32.4	3.78	0.14	
31	738.8	224.06	33.32	3.68	0.14	
32	732.6	229.52	33.9	3.86	0.12	
33	723.44	236.42	36.4	3.66	0.08	
34	719.4	237.48	39.06	3.94	0.12	
35	713.96	240.8	40.62	4.6	0.02	
36	706.58	248.56	39.06	5.72	0.08	
37	702.28	250.3	40.98	6.38	0.06	
38	695.7	253.16	45.22	5.86	0.06	
39	684.06	261.82	46.94	7.08	0.1	
40	675.04	266.58	51.06	7.26	0.06	
41	667.1	270.68	54.88	7.26	0.08	
42	660.94	273.1	57.88	7.7	0.38	
43	657.44	276.06	57.58	8.42	0.5	
44	655.38	277.5	58.04	8.28	0.8	
45	652.58	277.44	60.5	8.74	0.74	
46	645.34	279.44	65	9.38	0.84	
47	650.96	276.24	62.6	9.32	0.88	
48	647.38	277.58	64.04	9.84	1.16	
49	639.04	281.3	68.44	9.92	1.3	
50	629.6	286.9	71.52	10.48	1.5	
51	624.46	288.94	75	10.32	1.28	
52	622.72	287.12	77.9	10.38	1.88	
53	620.84	287.42	79.32	10.78	1.64	
54	615.8	292.74	78	11.62	1.84	
55	607.94	295.18	82.28	12.74	1.86	
56	597.42	299.44	87.18	13.7	2.26	
57	593.52	303.68	85.96	14.18	2.66	
58	583.52	310.02	88.56	14.5	3.4	
59	574.12	317.46	88.68	15.86	3.88	
60	568.36	320	90.98	17.18	3.48	
61	561.12	323.2	94.18	18.52	2.98	
62	552.78	329.78	93.94	19.96	3.54	
63	545.5	334	96.08	20.48	3.94	
64	541.84	334.08	97.58	22.74	3.76	
65	534.48	340.88	97.12	23.76	3.76	
66	525.46	342.64	103.88	24.58	3.44	
67	518.1	345.68	106.4	26.14	3.68	
68	512.08	347.8	110.3	26.22	3.6	
69	508.74	352	108.06	26.92	4.28	
70	500.6	353.92	111.44	29.2	4.84	
71	495.16	356.14	113.52	29.66	5.52	
72	494.96	352.12	115.72	31.34	5.86	
73	488.3	355.66	119.04	31.18	5.82	
74	487.16	355.72	120.2	30.72	6.2	
75	486.92	352.64	122.3	31.5	6.64	
76	481.18	350.52	128.9	33.2	6.2	
77	474.32	356.28	128.8	33.94	6.66	
78	472.06	357.7	127.76	35.4	7.08	
79	471.32	359.78	126.66	35.72	6.52	
80	465	364.78	126.04	37.56	6.62	
81	459.72	368.92	127	37.88	6.48	
82	455.38	369.38	130.24	37.9	7.1	
83	455.6	369.92	129.68	38.18	6.62	
84	449.06	369.72	135.1	39.4	6.72	
85	442.82	374.92	134.34	40.6	7.32	
86	440.88	374	135.06	42.3	7.76	
87	433.1	374.14	142.14	43.16	7.46	
88	430.62	371.38	144.6	45.12	8.28	
89	425.26	374.34	147.56	44.32	8.52	
90	416.84	380.18	147.16	45.98	9.84	
91	415.24	378.9	148.62	47.32	9.92	
92	409.42	378.44	152.56	49.52	10.06	
93	406.92	376.62	154.32	51.2	10.94	
94	400.32	380.04	156.44	52.42	10.78	
95	396.52	380.42	159.76	51.52	11.78	
96	387.9	385.46	162.5	52.02	12.12	
97	387.54	387.96	161.38	50.92	12.2	
98	385.4	386.32	163.26	52.22	12.8	
99	377.84	389.06	165.74	54.02	13.34	
100	373.24	387.56	168.54	57.52	13.14	
101	362.2	388.46	175.12	61.3	12.92	
102	361.12	385.98	179.12	61.38	12.4	
103	357.14	386.84	179.3	62.92	13.8	
104	353.08	386.4	181.86	63.62	15.04	
105	354.2	380.64	186.06	63.26	15.84	
106	351.5	377.26	190.94	64.28	16.02	
107	351.24	374.02	190.54	67.1	17.1	
108	347.48	369.82	195.8	68.5	18.4	
109	342.24	372.34	196.7	70.4	18.32	
110	337.76	372.18	196.7	72.48	20.88	
111	331.78	369.64	201.82	74.8	21.96	
112	330.36	367.56	204.16	74.72	23.2	
113	325.9	368	205.98	75.98	24.14	
114	320.72	370.04	205.16	79.06	25.02	
115	317.1	370.36	207.58	79.34	25.62	
116	319.32	366.92	208.28	79.38	26.1	
117	312.88	369.28	209.92	80.72	27.2	
118	308.04	369.86	209.54	84.9	27.66	
119	310.54	365.32	209.5	86.32	28.32	
120	310.66	362.1	212	86.44	28.8	
121	305.84	359.86	215.66	88.24	30.4	
122	302.78	361.88	215.2	88.66	31.48	
123	298.92	366.06	211.54	90.68	32.8	
124	295.52	367.92	213.26	91	32.3	
125	289.4	371.92	214.92	92.74	31.02	
126	284.96	372.82	217.02	93.48	31.72	
127	278.3	377.64	215.86	96.46	31.74	
128	272.36	381.36	216.28	96.44	33.56	
129	274.48	377.48	217.22	96.8	34.02	
130	270.44	375.14	221.36	99.06	34	
131	262.8	376.6	229.02	96.8	34.78	
132	257.54	376.84	230.54	98.36	36.72	
133	252.84	375.6	233.44	100.76	37.36	
134	254.24	372.32	231.48	104.38	37.58	
135	250.8	368.92	235.16	105.82	39.3	
136	247.3	366.92	242.12	104.42	39.24	
137	245.6	363.7	246.58	103.18	40.94	
138	236.68	367.88	246.9	106.84	41.7	
139	232.4	367.92	247.48	109.02	43.18	
140	232.2	366.54	250.3	108.5	42.46	
141	231.66	362.94	252.02	110.02	43.36	
142	229.06	363.22	254.02	110.08	43.62	
143	227.76	361.74	256.16	110.68	43.66	
144	224.92	364.84	253.56	111.74	44.94	
145	217.1	366.8	260.82	109.9	45.38	
146	212.32	365.58	263.04	110.84	48.22	
147	206.64	359.9	268.54	114.4	50.52	
148	203.08	355.82	271.02	117.68	52.4	
149	201.54	354.92	270.06	119.74	53.74	
150	197.3	354.98	270.98	121.34	55.4	
151	197.06	353.94	267.36	122.82	58.82	
152	193.88	351.76	267.82	126.04	60.5	
153	188.72	349.72	267.02	131.3	63.24	
154	182.78	345.26	274.6	133.14	64.22	
155	182.72	336.9	278.34	136.92	65.12	
156	177.82	338.42	281	137.6	65.16	
157	178.52	337.1	281.68	135.9	66.8	
158	174.7	335.2	286.42	135.86	67.82	
159	175.96	331.4	284.34	138.76	69.54	
160	175.42	329.36	283.26	142.82	69.14	
161	175.68	328.7	282.54	144.9	68.18	
162	172.38	327.16	289.5	140.64	70.32	
163	170.62	320.94	291.18	143.34	73.92	
164	172.1	321.9	282.44	145.7	77.86	
165	166.7	322.4	285.78	148.26	76.86	
166	166.26	323.18	283.58	146.78	80.2	
167	163.96	319.52	284.88	149.64	82	
168	162.58	318.92	278.8	154.76	84.94	
169	158.94	318.84	277.6	156.7	87.92	
170	157.52	312.82	278.98	159.44	91.24	
171	157.68	312.24	274.7	161.88	93.5	
172	151.58	313.92	278.36	160.78	95.36	
173	154	315.18	276.04	156.88	97.9	
174	150.96	317.12	273.88	158.58	99.46	
175	147.92	314.8	271.56	161.82	103.9	
176	147.44	308.9	272.04	167.52	104.1	
177	143.82	310.6	270.44	170.48	104.66	
178	142.34	306.96	270.56	169.1	111.04	
179	139.68	307.72	271.02	168.88	112.7	
180	137.98	300.16	276.78	168.2	116.88	
181	137.32	297.92	275.08	172.48	117.2	
182	136.54	299.16	274.52	171.84	117.94	
183	136.74	291.72	274.44	175.16	121.94	
184	136.14	289.1	273.3	178.44	123.02	
185	134.12	290.56	275.3	179.44	120.58	
186	132.5	288.72	277.4	178.96	122.42	
187	126.44	291.54	277.18	182.12	122.72	
188	124.6	287.54	280.1	182.5	125.26	
189	126.18	282.18	281.02	184.6	126.02	
190	127.24	279.92	281.48	183.4	127.96	
191	128.14	271.44	281.2	186.24	132.98	
192	130.28	270.3	279.52	186.58	133.32	
193	131.64	265.9	279.48	187.32	135.66	
194	131.84	266.14	278.92	185	138.1	
195	132.38	265.38	275.38	182.26	144.6	
196	131.86	263.08	274.9	181.82	148.34	
197	130.66	263.9	271.36	182.38	151.7	
198	128.78	263.44	271	183.7	153.08	
199	126.86	263.96	271.06	182.84	155.28	
200	126.56	263.74	268.5	183.02	158.18	
201	126.28	265.3	261.16	188.62	158.64	
202	122.72	264.56	262.38	191.68	158.66	
203	120.52	263.52	261.1	191.88	162.98	
204	116.68	264.82	257.58	193.1	167.82	
205	113.28	258.92	261.88	196.32	169.6	
206	108.04	261.04	261.2	197.76	171.96	
207	108.46	256.82	265.78	193.68	175.26	
208	106.78	251.64	266.28	192.4	182.9	
209	103.38	253.6	264.14	193.82	185.06	
210	103	251.02	262.4	196.6	186.98	
211	102.44	250.66	263	195.98	187.92	
212	101.48	249.4	258.98	194.16	195.98	
213	97.34	251.34	259.56	194.28	197.48	
214	97.66	251.54	257.14	193.68	199.98	
215	93.76	250.58	257.12	195.14	203.4	
216	94.14	246.04	260.28	192.74	206.8	
217	87.92	250.56	256.82	196.22	208.48	
218	87.72	251.88	256.4	197.12	206.88	
219	89.14	249.52	256.08	195.52	209.74	
220	90.44	247.66	256.62	195.02	210.26	
221	87.08	249.8	251.84	200.3	210.98	
222	83.54	251.88	248.9	204.28	211.4	
223	82.9	249.84	247.36	204.7	215.2	
224	83.4	248.92	245.74	207.94	214	
225	81.86	245.52	247.98	208.1	216.54	
226	82.32	242.3	249.54	200.76	225.08	
227	82.34	243.04	248.36	201.06	225.2	
228	81.64	244.86	243.7	204.58	225.22	
229	77.98	242.42	244.38	207.84	227.38	
230	77.74	241.06	238.76	212.02	230.42	
231	77.08	241.06	233.4	216.42	232.04	
232	76.38	235.58	235.68	216.34	236.02	
233	75.5	231.08	235.68	214.16	243.58	
234	73.78	229	236.6	211.96	248.66	
235	75.26	227.16	232.7	209.64	255.24	
236	75.2	227.3	232.28	209.64	255.58	
237	71.96	225.04	233.32	210.26	259.42	
238	72.86	218.46	230.16	213.16	265.36	
239	71.6	214.7	227.12	217.22	269.36	
240	72.86	209.78	228.14	214.06	275.16	
241	71.5	209.36	228.6	214.54	276	
242	68.68	205.88	229.76	216.46	279.22	
243	66.9	202.92	228.66	215.94	285.58	
244	65.28	205.66	229.78	215.66	283.62	
245	66.12	203.22	234.28	214.56	281.82	
246	67.72	202.48	232.6	215.04	282.16	
247	67.86	204.32	231.06	213.38	283.38	
248	64.8	203.1	230.12	216.18	285.8	
249	63.54	201.46	230.52	215.82	288.66	
250	63.78	198.36	229.84	214.72	293.3	
251	62.62	194.88	227.66	218.2	296.64	
252	63.4	196.26	229.5	219.86	290.98	
253	63.72	192.94	228.4	219.76	295.18	
254	61.1	194.64	229.4	220.14	294.72	
255	60.8	192	228.76	220.56	297.88	
256	61.9	190.74	228.32	218.54	300.5	
257	60.9	193.44	225.78	215.68	304.2	
258	61.02	194.24	222.84	213.88	308.02	
259	60.9	193.2	222.56	213.86	309.48	
260	59.58	196.64	219.5	212.08	312.2	
261	60.92	193.18	221.06	213.54	311.3	
262	58.64	191.82	222.66	213.64	313.24	
263	58.48	192.66	224.14	208.14	316.58	
264	59.82	193.56	221.58	208.88	316.16	
265	62.18	191.84	220.14	209.86	315.98	
266	63.68	188.72	222.96	210.26	314.38	
267	64.42	185.4	222.32	209.6	318.26	
268	61.98	188.68	218.68	209.82	320.84	
269	62.7	185.94	219.78	210.86	320.72	
270	61.58	185.14	220.4	212.52	320.36	
271	60.7	180.8	223.98	208.72	325.8	
272	59.64	181.82	222.32	209	327.22	
273	58.8	181.34	221.08	208.2	330.58	
274	56.64	179.32	223.52	207.48	333.04	
275	56.54	180.06	223.02	206.24	334.14	
276	53.24	180.5	224.86	206.42	334.98	
277	53.92	178.58	223.2	204.38	339.92	
278	54.28	177.16	223.84	201.8	342.92	
279	54.32	173.94	219.98	207.2	344.56	
280	51.38	174.02	216.96	210.54	347.1	
281	48.08	173.7	217.06	210.66	350.5	
282	48.38	171.28	215.72	213.16	351.46	
283	45.56	169.38	216.76	213.5	354.8	
284	45.3	171.84	213.14	214.7	355.02	
285	45.48	169.62	211.02	215.72	358.16	
286	46.06	168.68	211.68	213.36	360.22	
287	44.5	170.22	212.06	211.52	361.7	
288	43.1	164.34	213.52	212.74	366.3	
289	41.68	163.62	212.04	212.98	369.68	
290	40.52	165.84	206.58	216.4	370.66	
291	39.3	165.1	205.08	218.18	372.34	
292	39.56	163.34	204.94	215.38	376.78	
293	38.08	160.16	206.22	213	382.54	
294	35.94	162.16	207.8	213.62	380.48	
295	35.32	156.64	208.8	215.12	384.12	
296	36.02	151.82	209.74	216.42	386	
297	35.42	147.82	205.34	219.66	391.76	
298	34.82	152.84	207.4	212.48	392.46	
299	34.24	148.78	206.8	214.44	395.74	
300	33.78	147.98	209	214.46	394.78	
301	32.56	146.68	213.16	211.3	396.3	
302	31.34	146.88	212.98	209.26	399.54	
303	32.22	143.28	212.76	211.9	399.84	
304	31.92	144.1	209.42	210.9	403.66	
305	28.98	146.34	209.82	212.06	402.8	
306	29.62	147.94	204.44	212.98	405.02	
307	29.16	147.72	204	211.88	407.24	
308	30.08	146.64	200.68	210.22	412.38	
309	28.02	149.96	201.2	208.42	412.4	
310	27.56	147.36	207.64	206.66	410.78	
311	27.38	144.56	206.58	208.36	413.12	
312	27.62	138.06	204.6	210	419.72	
313	27.86	137.86	206.36	206.84	421.08	
314	27.64	139.08	203.54	206.1	423.64	
315	26.82	139.1	200.42	211.54	422.12	
316	26.66	139.74	197.06	211.38	425.16	
317	25.86	137.64	200	209.4	427.1	
318	24.94	137.36	197.62	211.32	428.76	
319	24.42	135.54	197.98	212.64	429.42	
320	25.2	133.32	196.26	219.28	425.94	
321	24.38	133.84	196.9	216.76	428.12	
322	24.18	132.68	196.54	213	433.6	
323	23.62	131.36	198	212.4	434.62	
324	23.08	131.24	199.46	208.06	438.16	
325	22.06	127.66	195.36	209.22	445.7	
326	21.54	128.72	188.24	207.74	453.76	
327	22.5	128.9	186.24	204.26	458.1	
328	21.56	129.54	183.6	204.04	461.26	
329	21.88	126.44	178.42	205.72	467.54	
330	21.78	125.34	175.6	206.04	471.24	
331	22.2	123.24	174.62	208.14	471.8	
332	21.96	122.26	177.48	207.86	470.44	
333	20.66	122.6	176.6	212.02	468.12	
334	21.1	122.48	178.04	210.52	467.86	
335	19.66	120.62	176.2	212.92	470.6	
336	20.28	121.96	176.8	211.32	469.64	
337	20.24	123.62	175.02	211.86	469.26	
338	20.58	121.46	174.68	210.94	472.34	
339	20.8	121.8	172.78	213.02	471.6	
340	19.52	121.04	172.84	208.36	478.24	
341	19.36	119.98	167.52	205.1	488.04	
342	21	119.46	164.54	206.06	488.94	
343	20	116.56	164.92	207.3	491.22	
344	19.18	115.92	167.1	204.72	493.08	
345	20.14	113.68	167.18	203.72	495.28	
346	19.28	111.42	169.26	204.58	495.46	
347	19	110.08	166.92	205.92	498.08	
348	18.26	108.24	165.26	206.34	501.9	
349	17.14	111	161.74	204.16	505.96	
350	18.64	111.28	160.34	199.96	509.78	
351	17.66	108.72	158.06	199.82	515.74	
352	17.04	107	156.68	201.36	517.92	
353	17.12	105.08	154.84	199.84	523.12	
354	17.34	104.88	155.64	198.56	523.58	
355	16.7	104.4	154.08	198.88	525.94	
356	16.36	101.54	155.42	197.7	528.98	
357	16.26	100.7	154.34	200.86	527.84	
358	15.5	98.94	156.34	195.32	533.9	
359	15.12	98.08	157.86	194.92	534.02	
360	13.94	94.78	158.38	192.62	540.28	
361	14.4	91.5	155.6	195.48	543.02	
362	14.44	89.62	151.72	195.82	548.4	
363	14.12	89.88	148.92	195.16	551.92	
364	15.02	85.9	150.86	189.98	558.24	
365	14.96	86.46	149.66	190.36	558.56	
366	13.78	86.54	149.1	192.04	558.54	
367	12.88	84.98	149.26	192.34	560.54	
368	13.76	82.12	149.02	194.56	560.54	
369	14.1	80.64	149.68	194.14	561.44	
370	14.12	80.94	148.94	193.44	562.56	
371	13.8	79.48	145.64	191.84	569.24	
372	12.82	80.88	142.8	194.72	568.78	
373	13.46	77.78	141.04	194.46	573.26	
374	12.96	76.04	142.4	192.34	576.26	
375	11.8	77.2	141.98	191.1	577.92	
376	11.52	77.92	142.1	188.88	579.58	
377	11.72	78.66	141.52	190.72	577.38	
378	11.58	79.56	139.76	187.62	581.48	
379	11.04	77.7	138.4	185.7	587.16	
380	11.6	76.58	140.58	186.44	584.8	
381	10.98	78.88	138.3	189.32	582.52	
382	10.96	78.34	138.26	187.82	584.62	
383	10.68	76.32	137.96	185.36	589.68	
384	11.2	76.84	135.38	184.98	591.6	
385	10.7	77.36	135.92	184.96	591.06	
386	12.06	77.78	133.52	186.04	590.6	
387	12.64	78.5	132.16	183.8	592.9	
388	12.2	77.32	131.62	186.88	591.98	
389	10.86	74.34	134.2	181.94	598.66	
390	10.78	75.44	133.46	182.22	598.1	
391	11.28	74.22	134.56	180.66	599.28	
392	10.66	77.14	130.96	176.36	604.88	
393	10.88	75.2	129.3	175.42	609.2	
394	11.04	74.46	130.02	174.4	610.08	
395	11.28	75.56	131.1	174.44	607.62	
396	11.52	73.02	128.94	176.88	609.64	
397	11.62	75.36	125.36	175.62	612.04	
398	11.48	74.56	125.7	176.28	611.98	
399	11.48	76.36	127.34	176.14	608.68	
400	12	76.68	125.94	177.76	607.62	
401	12	76.48	124.24	177.04	610.24	
402	11.34	76	121.54	177.6	613.52	
403	10.78	74.88	121.92	176.66	615.76	
404	11.54	76.36	119.92	175.86	616.32	
405	11.32	75.18	117.2	179.36	616.94	
406	11.3	75.26	117.84	176.78	618.82	
407	10.64	73.76	118.32	175.34	621.94	
408	10.82	73.02	117.8	172.14	626.22	
409	12.12	73.98	113.7	170.9	629.3	
410	10.98	76.74	111.46	173	627.82	
411	11.4	77.62	112.14	170.72	628.12	
412	10.88	79.66	111.4	166.18	631.88	
413	11.1	81.06	108.5	164.8	634.54	
414	10.28	82.4	104.52	161.96	640.84	
415	9.08	80.08	104.54	160.32	645.98	
416	8.92	77.28	109.46	163.72	640.62	
417	7.92	75.46	108.12	163.62	644.88	
418	7.02	75.54	104.8	161	651.64	
419	6.58	72.36	104.1	163.1	653.86	
420	6.18	73.32	105.92	157.92	656.66	
421	6.74	73.12	106.54	158	655.6	
422	6.24	73.06	103.1	157.18	660.42	
423	6.04	73.08	104.5	153.06	663.32	
424	6.12	70.3	106.98	153.74	662.86	
425	5.76	71.18	106.82	153.02	663.22	
426	6.76	70.34	105.12	152.94	664.84	
427	6.32	69.64	105.54	152.62	665.88	
428	4.9	67.4	107.46	154.94	665.3	
429	4.02	66.64	108.52	156.02	664.8	
430	3.96	66.38	108.48	155.04	666.14	
431	3.72	64.4	111.48	156.06	664.34	
432	3.86	62.96	109.42	157.32	666.44	
433	3.24	65.22	103.5	157.56	670.48	
434	3.68	62.98	106.72	154.98	671.64	
435	4.14	62.08	107.52	153.72	672.54	
436	3.34	63.64	104.86	157	671.16	
437	3.52	63.56	103.88	158.76	670.28	
438	3.84	62.52	104.3	156.8	672.54	
439	3.38	60.58	104.22	155.88	675.94	
440	2.92	60.76	106.16	156.1	674.06	
441	2.88	59.38	105.4	157.32	675.02	
442	2.82	58.08	103.92	157.5	677.68	
443	2.3	57.62	103.06	157.3	679.72	
444	2.68	57.08	105.9	156.34	678	
445	2.62	56.24	101.5	157.34	682.3	
446	2.6	53.28	100.96	158.04	685.12	
447	2.64	52.16	101.12	156.74	687.34	
448	2.72	52.14	100.54	157.48	687.12	
449	3.34	51.12	102.48	157.8	685.26	
450	3.16	50.34	104.06	157.44	685	
451	3.02	50.02	104.96	157.12	684.88	
452	3.2	48.7	103.88	155.38	688.84	
453	3.16	47.02	103.6	151.98	694.24	
454	3.22	45.46	102.02	150.18	699.12	
455	3.28	44.24	100.48	147.86	704.14	
456	3.7	43.86	102.14	146.22	704.08	
457	3.24	44.66	100.04	148.06	704	
458	3.28	44.26	100.44	146.56	705.46	
459	2.84	43.26	100.9	143.94	709.06	
460	2.92	41.64	103.46	139.98	712	
461	2.92	41.78	103.18	139.76	712.36	
462	3.36	41.6	100.94	139.32	714.78	
463	3.46	41.92	102.26	137.5	714.86	
464	3.32	41.42	102.52	139.08	713.66	
465	3.34	37.96	104.18	138.86	715.66	
466	3.6	37.66	103.84	138.98	715.92	
467	3.44	38.06	101	138.28	719.22	
468	3.94	35.84	98.86	138.7	722.66	
469	4.02	35.08	101.24	139.18	720.48	
470	3.46	35.14	99.42	137.74	724.24	
471	2.68	35.52	97.64	136.92	727.24	
472	2.88	35.62	97	133.02	731.48	
473	2.56	36.2	97.58	132.58	731.08	
474	2.44	34.4	97.54	132.9	732.72	
475	2.44	35.9	96.78	133.04	731.84	
476	2.64	35.04	94.8	132.18	735.34	
477	2.94	36.34	93.4	132.22	735.1	
478	3.04	36.14	94.68	129.48	736.66	
479	3.2	36.28	96.42	129.8	734.3	
480	3.38	36.44	96.02	130.76	733.4	
481	3.8	34.98	96.4	131.9	732.92	
482	4.06	33.62	94.04	130.44	737.84	
483	4.02	32.62	96.24	127.7	739.42	
484	4.12	31.24	92.42	128.28	743.94	
485	4.34	30.18	90.84	133.04	741.6	
486	4.64	28.66	89.54	131.56	745.6	
487	4.74	29.52	90.48	126.12	749.14	
488	4.1	30.12	87.38	124.16	754.24	
489	4.58	31.06	87.24	123.38	753.74	
490	4.86	30.2	83.3	126.58	755.06	
491	5.08	30.86	80.86	125.68	757.52	
492	5.74	30.5	80.72	126.62	756.42	
493	5.8	29.04	81.2	125.5	758.46	
494	5.74	28	81.46	128.02	756.78	
495	5.88	27.44	81.96	124.86	759.86	
496	6.34	28.6	79.4	124.8	760.86	
497	6.94	28.34	77.72	123.06	763.94	
498	7.4	28.44	76.06	124.28	763.82	
499	6.48	28.4	75.54	122.58	767	
500	6.5	28.2	77.04	119.86	768.4	
501	6.36	27.86	74.94	118.82	772.02	
502	6.56	29.36	73.78	117.38	772.92	
503	5.88	29.36	73.3	116.64	774.82	
504	5.44	29.98	73.4	114.28	776.9	
505	5.18	31.18	70.76	115.76	777.12	
506	5.1	31.14	72.14	116.38	775.24	
507	5.46	30.56	72.22	117.14	774.62	
508	4.74	28.86	70.6	115.16	780.64	
509	4.72	29.86	67.92	117.94	779.56	
510	4.72	28.86	68.76	115.7	781.96	
511	4.58	27.92	66.2	117.28	784.02	
512	4.72	27.38	68.4	115.04	784.46	
513	4.78	27.44	69.22	114.18	784.38	
514	4.52	27.44	68.32	116.52	783.2	
515	4.48	25.96	65.54	113.72	790.3	
516	3.88	27.22	66.46	112.42	790.02	
517	4.14	27.12	66.98	112.18	789.58	
518	4.32	25.58	66.26	112.96	790.88	
519	4.58	25.52	67.18	113.92	788.8	
520	5.1	24.56	65.12	117.3	787.92	
521	4.82	23.4	64.84	116.8	790.14	
522	4.78	23.34	64.08	114.12	793.68	
523	4.42	23.56	63.36	118.72	789.94	
524	4.48	23.58	63.5	113.82	794.62	
525	4.9	22.66	62.16	114.22	796.06	
526	3.9	21.76	61.4	114.54	798.4	
527	3.82	20.78	62.56	112.36	800.48	
528	3.2	20.56	60.6	110	805.64	
529	2.76	19.74	61.42	111.4	804.68	
530	2.34	19.7	60.06	111.5	806.4	
531	2.48	21.92	58.18	110.6	806.82	
532	2.58	21.6	57.08	113.48	805.26	
533	2.5	21.34	56.74	114.74	804.68	
534	2.66	21.22	57.48	116.76	801.88	
535	2.22	22.4	53.6	118.36	803.42	
536	1.86	21.88	53.88	120.4	801.98	
537	1.94	20.14	55.22	118.76	803.94	
538	1.78	21.1	54.4	119.54	803.18	
539	2.06	20.72	53.76	117.38	806.08	
540	2.06	21.06	51.32	114.98	810.58	
541	1.84	20.3	51.32	113.54	813	
542	1.62	19.6	51.36	113.26	814.16	
543	1.6	19.6	52.6	112.06	814.14	
544	1.44	18.5	51.66	111.82	816.58	
545	1.4	18.36	52	115.22	813.02	
546	1.46	18.76	51.92	118.26	809.6	
547	1.6	20.18	50.7	117.6	809.92	
548	1.64	20.04	48.22	118.84	811.26	
549	1.54	19.16	47.14	119.52	812.64	
550	1.68	18.48	46.32	115.4	818.12	
551	1.64	17.72	47.62	115.4	817.62	
552	1.6	18.18	45.92	115.98	818.32	
553	1.6	18.08	47.54	114.68	818.1	
554	1.36	17.62	48.16	112.94	819.92	
555	1.28	17.38	48.2	111.54	821.6	
556	1.18	18.54	47.52	109.42	823.34	
557	1.26	17.7	48.46	107.86	824.72	
558	1.44	16.56	48.12	108.2	825.68	
559	1.56	15.52	46.08	108.96	827.88	
560	1.58	15.18	45.38	107.96	829.9	
561	1.58	14.58	43.74	109.26	830.84	
562	1.68	13.76	43.36	106.66	834.54	
563	1.56	14.08	42.64	105.06	836.66	
564	1.72	13.9	42.42	105.22	836.74	
565	1.56	14.86	42.66	103.5	837.42	
566	2.16	13.64	42.06	105.24	836.9	
567	2.62	13.86	42.24	105.78	835.5	
568	3.12	13.86	41.64	104.08	837.3	
569	2.76	15.16	40.06	102.72	839.3	
570	3.12	15.24	39.14	102.82	839.68	
571	2.42	15.56	38.92	101.56	841.54	
572	2.38	14.56	38.1	101.86	843.1	
573	2.4	15.12	38	100.64	843.84	
574	1.6	13.96	37.94	99.52	846.98	
575	1.64	15.46	39.7	97.96	845.24	
576	2.34	15.28	39.88	100.3	842.2	
577	2.16	15.16	38.56	98.9	845.22	
578	2.36	14.92	39.28	97.26	846.18	
579	1.84	16.58	39.92	95.6	846.06	
580	1.88	16.48	40.4	95.86	845.38	
581	1.96	17.3	40.14	93.9	846.7	
582	1.76	17.42	42.12	92.12	846.58	
583	1.6	17.94	41.34	92.34	846.78	
584	1.56	17.46	41.9	90.7	848.38	
585	1.64	18.2	44	90.18	845.98	
586	1.72	17.64	41.68	90.66	848.3	
587	1.42	18.08	42.36	90.72	847.42	
588	1.26	18.24	42.1	91.18	847.22	
589	1.4	17.9	42.98	89.6	848.12	
590	1.32	17.46	43.3	89.04	848.88	
591	1.74	17.4	41.92	89.52	849.42	
592	1.28	17	41.24	91.72	848.76	
593	1.3	16.78	40.8	90.68	850.44	
594	1.52	15.92	41.7	90.42	850.44	
595	1.56	15.34	40.54	91.7	850.86	
596	1.62	15.38	41.46	90.16	851.38	
597	1.6	14.08	40.9	85.98	857.44	
598	1.8	13.82	41.76	85.44	857.18	
599	1.72	14.04	42.16	82.68	859.4	
600	1.94	12.6	43.5	83.68	858.28	
601	1.98	13.48	44.8	82.3	857.44	
602	1.48	12.64	45.24	83.44	857.2	
603	1.3	12.52	45.9	85.68	854.6	
604	1.36	12.92	47.48	86.26	851.98	
605	1.7	13.04	48.86	88.72	847.68	
606	1.92	13.2	50.04	85.7	849.14	
607	1.5	13.56	49.24	82.42	853.28	
608	1.38	14.94	51.6	79	853.08	
609	1.12	15.34	51.94	75.44	856.16	
610	1.04	15.76	53.36	74.56	855.28	
611	0.76	15.64	52.1	73.66	857.84	
612	0.68	15.54	51.98	70.88	860.92	
613	0.68	15.98	51.36	72.38	859.6	
614	0.72	14.88	50.1	72.28	862.02	
615	0.9	15.02	49.32	71.08	863.68	
616	0.74	15.14	50.16	70.34	863.62	
617	0.7	13.94	51.66	70.64	863.06	
618	0.6	12.88	50.16	70.44	865.92	
619	0.66	12.52	50.7	72.6	863.52	
620	0.72	13.56	48.56	72.5	864.66	
621	0.74	13.36	49.2	73.26	863.44	
622	0.88	13.06	49.26	74.58	862.22	
623	0.82	12.56	49.16	74.52	862.94	
624	0.86	12.78	48.9	73.12	864.34	
625	0.7	12.36	47.54	71.56	867.84	
626	0.72	12.44	45.32	71.04	870.48	
627	0.88	12.12	44.4	72.26	870.34	
628	0.52	10.96	44.04	71.74	872.74	
629	0.34	11.64	44.96	68.9	874.16	
630	0.64	11.3	45.98	66.78	875.3	
631	0.38	11.52	45.12	67.68	875.3	
632	0.4	10.34	45.4	66.02	877.84	
633	0.36	11.34	43.24	67.64	877.42	
634	0.38	10.92	43.38	66.38	878.94	
635	0.62	9.94	43.32	63.3	882.82	
636	0.82	9.36	42.52	62.58	884.72	
637	0.9	9.12	42.5	62.08	885.4	
638	0.86	7.86	42.5	62.48	886.3	
639	0.9	7.6	39.46	60.12	891.92	
640	0.74	7.08	37.8	61.78	892.6	
641	0.78	7.34	36.52	63.04	892.32	
642	0.7	6.9	35.4	64.58	892.42	
643	0.62	6.6	35.3	63.68	893.8	
644	0.88	7.02	35.52	62.56	894.02	
645	1.1	7.22	34.42	61.82	895.44	
646	0.76	6.96	33.26	59.54	899.48	
647	0.44	6.92	34	57.72	900.92	
648	0.44	6	33.06	57.58	902.92	
649	0.46	6	32.24	57.82	903.48	
650	0.56	5.6	32.7	57.28	903.86	
651	0.52	5.68	33.32	57.38	903.1	
652	0.4	5.1	32.14	57.72	904.64	
653	0.38	4.7	32.52	57.18	905.22	
654	0.4	5.1	32.22	58.82	903.46	
655	0.38	5.3	32.38	57.84	904.1	
656	0.3	5.12	31.92	58.74	903.92	
657	0.28	4.46	31.96	58.7	904.6	
658	0.2	4.46	31.42	58.26	905.66	
659	0.12	4.92	30.5	59.22	905.24	
660	0.16	4.82	29.56	58.36	907.1	
661	0.12	4.24	29.36	60.36	905.92	
662	0	4.3	27.96	59.46	908.28	
663	0	4.4	28.24	59.82	907.54	
664	0	4.98	27.82	58	909.2	
665	0	5.22	28.44	58.74	907.6	
666	0	5.46	27.34	55.46	911.74	
667	0	5.46	26.4	55.86	912.28	
668	0	5.74	26.5	56.58	911.18	
669	0	5.14	26.28	57	911.58	
670	0	4.5	25.12	55.46	914.92	
671	0	4.8	25.02	54.08	916.1	
672	0	4.58	23.58	54.56	917.28	
673	0	4.88	24.5	55.78	914.84	
674	0	5.08	23.58	54.08	917.26	
675	0	5.72	24.12	52.62	917.54	
676	0	5.22	24.68	53.96	916.14	
677	0	5.88	23.96	53.9	916.26	
678	0	5.76	23.66	55.04	915.54	
679	0	6.16	22.72	54.32	916.8	
680	0	5.88	21.56	53.98	918.58	
681	0	5.64	20.42	53.84	920.1	
682	0	6.22	20.42	53.5	919.86	
683	0	6.56	22	52.54	918.9	
684	0	5.74	21.34	50.24	922.68	
685	0	6.38	21.04	50.74	921.84	
686	0	7.4	22.18	49.4	921.02	
687	0	7.74	20.5	49.18	922.58	
688	0	7.5	22.86	47.1	922.54	
689	0	8.5	21.56	48.24	921.7	
690	0	9.48	22.4	48.46	919.66	
691	0	10.16	21.32	48.02	920.5	
692	0	10.08	21.54	49.8	918.58	
693	0	10.96	20.64	49.12	919.28	
694	0	10.94	20.78	50.32	917.96	
695	0	11.22	19.4	50.18	919.2	
696	0	12.74	18.7	47.48	921.08	
697	0	11.74	17.38	48.44	922.44	
698	0	11.6	16.4	46.22	925.78	
699	0	11.6	16.22	46.3	925.88	
700	0	11.76	15.56	44.08	928.6	
701	0	11.92	15.02	45.06	928	
702	0	10.58	14.92	45.22	929.28	
703	0	10.6	15.9	44.7	928.8	
704	0	9.88	15.34	44.4	930.38	
705	0	10.4	15.96	44	929.64	
706	0	11.42	16.84	43	928.74	
707	0	12.54	17.18	42.34	927.94	
708	0	13.24	17.9	41.68	927.18	
709	0	13.16	19.16	41.76	925.92	
710	0	12.34	19.8	40.62	927.24	
711	0	13.18	19.94	42.7	924.18	
712	0	12.8	19.98	41.56	925.66	
713	0	13.32	20.26	41.64	924.78	
714	0	12.48	19.92	44.3	923.3	
715	0	11.86	20.14	44.72	923.28	
716	0	10.48	20.92	45.88	922.72	
717	0	10.1	19.86	44.88	925.16	
718	0	9.54	18.58	42.1	929.78	
719	0	10.02	18.34	41.98	929.66	
720	0	10.2	19.66	40.9	929.24	
721	0	10.58	19.94	40.86	928.62	
722	0	10.7	19.08	41.84	928.38	
723	0	10.26	18.7	41.86	929.18	
724	0	10.48	18.64	39.34	931.54	
725	0	10.06	17.84	41	931.1	
726	0	10.06	18.56	41.82	929.56	
727	0	10.62	17.42	41.82	930.14	
728	0	9.92	17.74	41.46	930.88	
729	0	9	17.94	40.54	932.52	
730	0	7.82	19.46	40.62	932.1	
731	0	7.7	19.58	39.84	932.88	
732	0	8.42	18.56	39.5	933.52	
733	0	7.9	18.52	40.86	932.72	
734	0	7.54	17.36	39.74	935.36	
735	0	7.18	18.26	38.34	936.22	
736	0	7	18.82	38.4	935.78	
737	0	6.02	19.56	38.96	935.46	
738	0	6.32	21.14	38.84	933.7	
739	0	5.88	20.38	37.94	935.8	
740	0	6.2	19.8	36.68	937.32	
741	0	5.88	20.32	34.6	939.2	
742	0	5.56	20.64	34.24	939.56	
743	0	5.24	19.1	33.42	942.24	
744	0	5.38	19.66	31.54	943.42	
745	0	5.24	19.56	32.46	942.74	
746	0	4.44	19.18	33.76	942.62	
747	0	4.26	18.34	35.22	942.18	
748	0	5.54	17.12	34.84	942.5	
749	0	4.84	16.46	35.08	943.62	
750	0	4.1	17.26	33.92	944.72	
751	0	3.56	18.78	32.12	945.54	
752	0	3.44	19.72	30.38	946.46	
753	0	3.2	19.42	30.76	946.62	
754	0	2.52	19.02	32.2	946.26	
755	0	2.48	18.54	31.76	947.22	
756	0	2.22	18.54	32.58	946.66	
757	0	1.9	18.54	31.9	947.66	
758	0	1.56	18.58	31.98	947.88	
759	0	1.54	18.48	34.32	945.66	
760	0	1.48	18.84	34.36	945.32	
761	0	1.54	18.56	33.14	946.76	
762	0	1.44	19.22	31.06	948.28	
763	0	1.38	18.28	31.74	948.6	
764	0	1.28	17.86	31.24	949.62	
765	0	1.2	17.32	30.76	950.72	
766	0	1	17.44	31.34	950.22	
767	0	0.86	17.72	31.82	949.6	
768	0	0.98	17.18	33.74	948.1	
769	0	0.72	16.46	34.2	948.62	
770	0	0.54	16.24	34.34	948.88	
771	0	0.32	16	32.36	951.32	
772	0	0.24	15.7	31.02	953.04	
773	0	0.2	14.74	30.64	954.42	
774	0	0.18	15.1	30.3	954.42	
775	0	0.12	16.12	28.98	954.78	
776	0	0.2	17.46	27.64	954.7	
777	0	0.2	17.02	27.16	955.62	
778	0	0.08	16.7	25.66	957.56	
779	0	0.04	17.14	25.38	957.44	
780	0	0	17.12	25.48	957.4	
781	0	0	16.34	26.36	957.3	
782	0	0	17.58	24.72	957.7	
783	0	0	17.16	24.68	958.16	
784	0	0	17.24	24.42	958.34	
785	0	0	17.18	24.78	958.04	
786	0	0	17.14	26.02	956.84	
787	0	0	17.86	25.14	957	
788	0	0	18.6	24.3	957.1	
789	0	0	19.1	23.58	957.32	
790	0	0	18.7	21.76	959.54	
791	0	0	19.64	22.04	958.32	
792	0	0	18	22.58	959.42	
793	0	0	17.86	23.02	959.12	
794	0	0	18.08	21.84	960.08	
795	0	0	19.02	22.42	958.56	
796	0	0	19.5	22.58	957.92	
797	0	0	18.7	23.36	957.94	
798	0	0	17.66	22.48	959.86	
799	0	0	17.44	20.96	961.6	
800	0	0	16.78	21.14	962.08	
801	0	0	16.7	18.94	964.36	
802	0	0	15.34	19.4	965.26	
803	0	0	14.64	21.3	964.06	
804	0	0	14.68	20.76	964.56	
805	0	0	15.34	21.16	963.5	
806	0	0	15.32	20.7	963.98	
807	0	0	17.32	20.08	962.6	
808	0	0	16.7	20.52	962.78	
809	0	0	15.2	21.4	963.4	
810	0	0	15.64	21.5	962.86	
811	0	0	15.7	21.9	962.4	
812	0	0	15.34	21.68	962.98	
813	0	0	15.14	23.74	961.12	
814	0	0	14.06	24.58	961.36	
815	0	0	14.14	26	959.86	
816	0	0	13.66	24.72	961.62	
817	0	0	14.1	23.5	962.4	
818	0	0	13.54	24.68	961.78	
819	0	0	13.94	25.4	960.66	
820	0	0	13.34	25.94	960.72	
821	0	0	12.8	26.38	960.82	
822	0	0	12.48	27.26	960.26	
823	0	0	11.8	27.84	960.36	
824	0	0	11.5	27.28	961.22	
825	0	0	11.98	26.76	961.26	
826	0	0	12	26.66	961.34	
827	0	0	11.5	26.5	962	
828	0	0	11.74	26.82	961.44	
829	0	0	11.48	28.7	959.82	
830	0	0	11.82	29.46	958.72	
831	0	0	12.16	27.2	960.64	
832	0	0	12.3	27.44	960.26	
833	0	0	12.64	26.76	960.6	
834	0	0	12.5	24.98	962.52	
835	0	0	11.96	25.28	962.76	
836	0	0	11.96	25.76	962.28	
837	0	0	11.06	23.18	965.76	
838	0	0	10.58	22.32	967.1	
839	0	0	10.62	22.96	966.42	
840	0	0	10.24	23.8	965.96	
841	0	0	10.3	24.26	965.44	
842	0	0	10.4	24.02	965.58	
843	0	0	11.04	24.52	964.44	
844	0	0	10.42	25.2	964.38	
845	0	0	10.18	23.86	965.96	
846	0	0	9.72	23.92	966.36	
847	0	0	9.36	24	966.64	
848	0	0	9.88	23.56	966.56	
849	0	0	9	24.84	966.16	
850	0	0	9.1	23.96	966.94	
851	0	0	9.44	24.4	966.16	
852	0	0	9.9	23.92	966.18	
853	0	0	9.92	23.1	966.98	
854	0	0	9.54	23.18	967.28	
855	0	0	9.18	22.68	968.14	
856	0	0	8.84	23.42	967.74	
857	0	0	9.24	22.9	967.86	
858	0	0	8.64	23.08	968.28	
859	0	0	8.74	24.8	966.46	
860	0	0	8.74	23.52	967.74	
861	0	0	8.2	22.86	968.94	
862	0	0	7.86	23.5	968.64	
863	0	0	7.56	21.98	970.46	
864	0	0	7.28	21.18	971.54	
865	0	0	7.26	20.26	972.48	
866	0	0	7.42	19.48	973.1	
867	0	0	7.66	19.84	972.5	
868	0	0	7.4	20.12	972.48	
869	0	0	7.38	20.1	972.52	
870	0	0	7.52	18.74	973.74	
871	0	0	7	18.38	974.62	
872	0	0	6.86	18.34	974.8	
873	0	0	7.12	18.14	974.74	
874	0	0	7.36	17.14	975.5	
875	0	0	6.62	17.82	975.56	
876	0	0	6.46	18.08	975.46	
877	0	0	5.64	17.08	977.28	
878	0	0	5.84	17.38	976.78	
879	0	0	5.08	17.58	977.34	
880	0	0	5.4	16.26	978.34	
881	0	0	4.96	16.6	978.44	
882	0	0	4.22	16.12	979.66	
883	0	0	4.52	16.5	978.98	
884	0	0	4.64	17.72	977.64	
885	0	0	4.24	17.08	978.68	
886	0	0	4.3	17.96	977.74	
887	0	0	4.58	16.88	978.54	
888	0	0	4.8	16.62	978.58	
889	0	0	4.94	17.94	977.12	
890	0	0	5.26	17.58	977.16	
891	0	0	5.18	16.64	978.18	
892	0	0	5.04	16.58	978.38	
893	0	0	5.06	15.94	979	
894	0	0	5	15.06	979.94	
895	0	0	4.64	14.48	980.88	
896	0	0	4.4	12.64	982.96	
897	0	0	4	12.48	983.52	
898	0	0	3.6	12.64	983.76	
899	0	0	3.64	13.12	983.24	
900	0	0	3.5	14.18	982.32	
901	0	0	3.9	14	982.1	
902	0	0	4.36	15.3	980.34	
903	0	0	4.44	14.44	981.12	
904	0	0	4.8	15	980.2	
905	0	0	5.18	14.3	980.52	
906	0	0	5.46	14.14	980.4	
907	0	0	5.24	12.72	982.04	
908	0	0	5.28	13.06	981.66	
909	0	0	5.74	12.2	982.06	
910	0	0	5.46	12.3	982.24	
911	0	0	5.34	12.2	982.46	
912	0	0	5	11.12	983.88	
913	0	0	4.7	11.98	983.32	
914	0	0	4.46	11.4	984.14	
915	0	0	3.7	11.64	984.66	
916	0	0	3.76	11.74	984.5	
917	0	0	3.94	12.9	983.16	
918	0	0	4.1	12.08	983.82	
919	0	0	4.3	13.24	982.46	
920	0	0	3.4	13.34	983.26	
921	0	0	3.8	12.5	983.7	
922	0	0	3.14	13.2	983.66	
923	0	0	3.06	13.38	983.56	
924	0	0	3.4	12.16	984.44	
925	0	0	3.64	11.72	984.64	
926	0	0	3.56	11.8	984.64	
927	0	0	3.26	11.28	985.46	
928	0	0	3.74	11.18	985.08	
929	0	0	3.1	11.26	985.64	
930	0	0	3.04	9.94	987.02	
931	0	0	3.24	9.54	987.22	
932	0	0	2.66	9.82	987.52	
933	0	0	2.74	9.66	987.6	
934	0	0	3.46	9.42	987.12	
935	0	0	3.84	9.02	987.14	
936	0	0	3.28	9.38	987.34	
937	0	0	3.06	9.08	987.86	
938	0	0	2.86	8.26	988.88	
939	0	0	2.38	9.12	988.5	
940	0	0	2.5	8.86	988.64	
941	0	0	2.72	9.54	987.74	
942	0	0	2.6	9.78	987.62	
943	0	0	2.28	9.64	988.08	
944	0	0	1.72	9.88	988.4	
945	0	0	1.78	10.34	987.88	
946	0	0	2.04	10.2	987.76	
947	0	0	2.14	8.84	989.02	
948	0	0	2.14	7.82	990.04	
949	0	0	2.06	6.52	991.42	
950	0	0	1.7	6.32	991.98	
951	0	0	1.16	5.96	992.88	
952	0	0	1.16	5.08	993.76	
953	0	0	1.18	5	993.82	
954	0	0	1.34	4.46	994.2	
955	0	0	1.18	4.9	993.92	
956	0	0	1.14	4.68	994.18	
957	0	0	0.96	5.24	993.8	
958	0	0	1.06	5.44	993.5	
959	0	0	1.28	5.92	992.8	
960	0	0	1.2	6.16	992.64	
961	0	0	1.6	6.42	991.98	
962	0	0	1.62	7.24	991.14	
963	0	0	1.22	7.1	991.68	
964	0	0	1.38	6.84	991.78	
965	0	0	1.56	7	991.44	
966	0	0	1.36	6.64	992	
967	0	0	1.66	6.14	992.2	
968	0	0	1.58	6.32	992.1	
969	0	0	1.82	6.66	991.52	
970	0	0	1.64	6	992.36	
971	0	0	1.9	5.76	992.34	
972	0	0	1.54	5.48	992.98	
973	0	0	1.58	5.52	992.9	
974	0	0	1.22	4.86	993.92	
975	0	0	1.4	4.72	993.88	
976	0	0	1.4	4.48	994.12	
977	0	0	1.44	4.4	994.16	
978	0	0	1.42	4.02	994.56	
979	0	0	1.42	3.54	995.04	
980	0	0	1.3	3.2	995.5	
981	0	0	1.14	3.58	995.28	
982	0	0	1.16	3.34	995.5	
983	0	0	1.42	3.02	995.56	
984	0	0	1.68	3.24	995.08	
985	0	0	1.72	3.46	994.82	
986	0	0	2	3.44	994.56	
987	0	0	1.86	3.16	994.98	
988	0	0	2.1	3.3	994.6	
989	0	0	1.74	3.16	995.1	
990	0	0	1.96	3.32	994.72	
991	0	0	1.76	3.72	994.52	
992	0	0	1.62	3.7	994.68	
993	0	0	1.34	3.18	995.48	
994	0	0	1.06	2.82	996.12	
995	0	0	1.1	3.04	995.86	
996	0	0	1.44	2.66	995.9	
997	0	0	1.7	2.58	995.72	
998	0	0	1.44	2.7	995.86	
999	0	0	1.52	2.76	995.72	
1000	0	0	1.26	2.78	995.96	
1001	0	0	1.12	2.76	996.12	
1002	0	0	1.06	3.1	995.84	
1003	0	0	1.2	3	995.8	
1004	0	0	1.62	2.36	996.02	
1005	0	0	1.34	2.68	995.98	
1006	0	0	1.5	2.48	996.02	
1007	0	0	1.22	2.42	996.36	
1008	0	0	1	2.84	996.16	
1009	0	0	1.2	2.86	995.94	
1010	0	0	1.44	3.16	995.4	
1011	0	0	1.56	2.98	995.46	
1012	0	0	1.46	2.94	995.6	
1013	0	0	1.86	3.18	994.96	
1014	0	0	1.8	3.04	995.16	
1015	0	0	1.74	2.84	995.42	
1016	0	0	1.88	3.04	995.08	
1017	0	0	1.94	2.84	995.22	
1018	0	0	2.52	2.42	995.06	
1019	0	0	2.92	2.08	995	
1020	0	0	3.32	2.14	994.54	
1021	0	0	3.88	2.1	994.02	
1022	0	0	4.08	2.3	993.62	
1023	0	0	3.7	2.14	994.16	
1024	0	0	4.14	2.56	993.3	
1025	0	0	3.38	2.32	994.3	
1026	0	0	3.12	2.34	994.54	
1027	0	0	3.08	2.6	994.32	
1028	0	0	3.06	2.62	994.32	
1029	0	0	3.12	3.02	993.86	
1030	0	0	3.24	2.84	993.92	
1031	0	0	3.78	2.62	993.6	
1032	0	0	3.04	2.52	994.44	
1033	0	0	2.86	2.68	994.46	
1034	0	0	2.58	2.92	994.5	
1035	0	0	2.54	3.12	994.34	
1036	0	0	2.7	3.34	993.96	
1037	0	0	2.3	2.74	994.96	
1038	0	0	2.68	2.6	994.72	
1039	0	0	2.52	2.98	994.5	
1040	0	0	2.66	2.72	994.62	
1041	0	0	2.58	2.8	994.62	
1042	0	0	2.42	2.6	994.98	
1043	0	0	2.46	2.56	994.98	
1044	0	0	1.76	2.22	996.02	
1045	0	0	1.68	2.14	996.18	
1046	0	0	2.2	1.72	996.08	
1047	0	0	2.06	1.98	995.96	
1048	0	0	1.68	1.7	996.62	
1049	0	0	1.7	1.4	996.9	
1050	0	0	1.7	1.42	996.88	
1051	0	0	2	1.32	996.68	
1052	0	0	1.78	1.52	996.7	
1053	0	0	1.64	1.74	996.62	
1054	0	0	2.12	1.76	996.12	
1055	0	0	2.02	1.28	996.7	
1056	0	0	2.06	1.18	996.76	
1057	0	0	1.54	0.76	997.7	
1058	0	0	1.66	0.8	997.54	
1059	0	0	1.5	0.94	997.56	
1060	0	0	1.14	0.82	998.04	
1061	0	0	1.24	1.4	997.36	
1062	0	0	1.34	1.22	997.44	
1063	0	0	1.22	1.38	997.4	
1064	0	0	1.52	1.46	997.02	
1065	0	0	1.3	1.34	997.36	
1066	0	0	1.02	1.06	997.92	
1067	0	0	1.22	1.04	997.74	
1068	0	0	1.54	1	997.46	
1069	0	0	1.98	0.62	997.4	
1070	0	0	2.2	0.88	996.92	
1071	0	0	2.26	0.98	996.76	
1072	0	0	1.8	1.28	996.92	
1073	0	0	1.64	1.3	997.06	
1074	0	0	1.38	1.1	997.52	
1075	0	0	0.92	1.06	998.02	
1076	0	0	1	1.1	997.9	
1077	0	0	0.98	1.14	997.88	
1078	0	0	0.88	1.56	997.56	
1079	0	0	0.98	1.5	997.52	
1080	0	0	1.36	1.62	997.02	
1081	0	0	1.16	1.72	997.12	
1082	0	0	1.2	1.78	997.02	
1083	0	0	1.14	1.96	996.9	
1084	0	0	1.42	2.08	996.5	
1085	0	0	1.72	2.02	996.26	
1086	0	0	1.68	1.88	996.44	
1087	0	0	1.84	1.52	996.64	
1088	0	0	1.9	1.8	996.3	
1089	0	0	1.88	1.88	996.24	
1090	0	0	1.72	1.86	996.42	
1091	0	0	1.7	2.16	996.14	
1092	0	0	1.62	2.18	996.2	
1093	0	0	1.92	2.06	996.02	
1094	0	0	2.16	1.96	995.88	
1095	0	0	2.24	1.96	995.8	
1096	0	0	2.38	2.3	995.32	
1097	0	0	2.26	2.24	995.5	
1098	0	0	2.36	2.52	995.12	
1099	0	0	2.48	2.28	995.24	
1100	0	0	2.72	1.86	995.42	
1101	0	0	2.78	1.42	995.8	
1102	0	0	2.76	1.4	995.84	
1103	0	0	2.42	1.18	996.4	
1104	0	0	2.2	1.32	996.48	
1105	0	0	2.2	1.28	996.52	
1106	0	0	2.36	1	996.64	
1107	0	0	2.34	1.04	996.62	
1108	0	0	2.14	0.98	996.88	
1109	0	0	1.82	0.9	997.28	
1110	0	0	1.78	1.3	996.92	
1111	0	0	1.92	1.14	996.94	
1112	0	0	2.1	1.14	996.76	
1113	0	0	2.52	1.14	996.34	
1114	0	0	2.5	0.98	996.52	
1115	0	0	2.96	1.06	995.98	
1116	0	0	3.32	0.92	995.76	
1117	0	0	3.32	1.02	995.66	
1118	0	0	3.56	1.34	995.1	
1119	0	0	3.74	1.62	994.64	
1120	0	0	3.68	1.68	994.64	
1121	0	0	3.48	1.98	994.54	
1122	0	0	3.26	2.22	994.52	
1123	0	0	3.42	2.18	994.4	
1124	0	0	3.16	2.12	994.72	
1125	0	0	2.98	1.86	995.16	
1126	0	0	2.82	2.24	994.94	
1127	0	0	2.82	1.98	995.2	
1128	0	0	2.48	2	995.52	
1129	0	0	2.8	1.58	995.62	
1130	0	0	2.68	1.52	995.8	
1131	0	0	2.88	1.4	995.72	
1132	0	0	2.74	1.2	996.06	
1133	0	0	2.36	1.42	996.22	
1134	0	0	2.34	1.68	995.98	
1135	0	0	2.16	1.76	996.08	
1136	0	0	2.18	1.6	996.22	
1137	0	0	1.7	1.54	996.76	
1138	0	0	2.08	1.7	996.22	
1139	0	0	2.72	1.54	995.74	
1140	0	0	2.8	1.46	995.74	
1141	0	0	2.82	1.94	995.24	
1142	0	0	3.34	1.92	994.74	
1143	0	0	3.6	2.42	993.98	
1144	0	0	4.16	2.48	993.36	
1145	0	0	4.64	2.16	993.2	
1146	0	0	4.06	2.3	993.64	
1147	0	0	3.82	3.02	993.16	
1148	0	0	3.76	3.04	993.2	
1149	0	0	3.6	3.22	993.18	
1150	0	0	3.14	3.36	993.5	
1151	0	0	3.08	3	993.92	
1152	0	0	2.86	3.38	993.76	
1153	0	0	3.14	3.5	993.36	
1154	0	0	2.86	3.32	993.82	
1155	0	0	2.82	3.44	993.74	
1156	0	0	2.68	3.62	993.7	
1157	0	0	2.78	3.4	993.82	
1158	0	0	2.68	3.58	993.74	
1159	0	0	3.62	3.58	992.8	
1160	0	0	3.44	3.78	992.78	
1161	0	0	3.34	3.78	992.88	
1162	0	0	2.94	3.2	993.86	
1163	0	0	3.24	3.24	993.52	
1164	0	0	3.3	3.58	993.12	
1165	0	0	2.98	3.62	993.4	
1166	0	0	2.74	3.7	993.56	
1167	0	0	2.48	3.72	993.8	
1168	0	0	2.48	3.42	994.1	
1169	0	0	2.24	3.22	994.54	
1170	0	0	2.32	2.98	994.7	
1171	0	0	2.16	2.9	994.94	
1172	0	0	2.2	2.56	995.24	
1173	0	0	2.52	2.76	994.72	
1174	0	0	2.46	2.54	995	
1175	0	0	2.06	2.96	994.98	
1176	0	0	1.92	3.02	995.06	
1177	0	0	1.98	2.68	995.34	
1178	0	0	1.78	2.44	995.78	
1179	0	0	1.42	2.8	995.78	
1180	0	0	1.54	2.9	995.56	
1181	0	0	1.16	3.14	995.7	
1182	0	0	0.82	3.48	995.7	
1183	0	0	0.74	3.32	995.94	
1184	0	0	0.96	3.26	995.78	
1185	0	0	1.12	3.46	995.42	
1186	0	0	1	4	995	
1187	0	0	1.16	3.86	994.98	
1188	0	0	1.36	3.86	994.78	
1189	0	0	1.12	3.52	995.36	
1190	0	0	0.82	2.58	996.6	
1191	0	0	0.58	2.86	996.56	
1192	0	0	0.46	3.38	996.16	
1193	0	0	0.52	3.74	995.74	
1194	0	0	0.52	3.54	995.94	
1195	0	0	0.8	3.6	995.6	
1196	0	0	0.78	3.16	996.06	
1197	0	0	0.72	3.02	996.26	
1198	0	0	0.98	2.96	996.06	
1199	0	0	1.04	2.9	996.06	
1200	0	0	0.98	2.76	996.26	
1201	0	0	0.8	3.28	995.92	
1202	0	0	0.76	3.84	995.4	
1203	0	0	0.64	4.24	995.12	
1204	0	0	0.72	4.24	995.04	
1205	0	0	0.7	4.26	995.04	
1206	0	0	0.6	4.24	995.16	
1207	0	0	0.6	4.42	994.98	
1208	0	0	0.4	4.46	995.14	
1209	0	0	0.3	4.54	995.16	
1210	0	0	0.24	4.62	995.14	
1211	0	0	0.38	4.38	995.24	
1212	0	0	0.34	3.96	995.7	
1213	0	0	0.3	4.2	995.5	
1214	0	0	0.22	4.14	995.64	
1215	0	0	0.36	4.04	995.6	
1216	0	0	0.4	3.74	995.86	
1217	0	0	0.5	3.64	995.86	
1218	0	0	0.34	3.64	996.02	
1219	0	0	0.38	3.56	996.06	
1220	0	0	0.34	3.9	995.76	
1221	0	0	0.28	4.04	995.68	
1222	0	0	0.28	4.02	995.7	
1223	0	0	0.16	4.32	995.52	
1224	0	0	0.2	3.76	996.04	
1225	0	0	0.2	3.42	996.38	
1226	0	0	0.12	3.78	996.1	
1227	0	0	0.16	4.28	995.56	
1228	0	0	0.2	4.26	995.54	
1229	0	0	0.32	4.14	995.54	
1230	0	0	0.22	3.06	996.72	
1231	0	0	0.12	3.04	996.84	
1232	0	0	0.02	2.92	997.06	
1233	0	0	0.04	2.86	997.1	
1234	0	0	0.08	2.24	997.68	
1235	0	0	0.16	2.08	997.76	
1236	0	0	0.22	2.86	996.92	
1237	0	0	0.16	2.78	997.06	
1238	0	0	0.12	2.68	997.2	
1239	0	0	0.06	2.54	997.4	
1240	0	0	0.06	2.58	997.36	
1241	0	0	0.04	2.14	997.82	
1242	0	0	0.04	2.28	997.68	
1243	0	0	0.02	2.76	997.22	
1244	0	0	0	2.36	997.64	
1245	0	0	0	2.76	997.24	
1246	0	0	0	2.48	997.52	
1247	0	0	0	2.74	997.26	
1248	0	0	0	2.98	997.02	
1249	0	0	0	3.2	996.8	
1250	0	0	0	3.28	996.72	
1251	0	0	0	2.98	997.02	
1252	0	0	0	3.1	996.9	
1253	0	0	0	2.94	997.06	
1254	0	0	0	3.46	996.54	
1255	0	0	0	3.22	996.78	
1256	0	0	0	2.88	997.12	
1257	0	0	0	2.94	997.06	
1258	0	0	0	2.56	997.44	
1259	0	0	0	2.62	997.38	
1260	0	0	0	1.88	998.12	
1261	0	0	0	1.72	998.28	
1262	0	0	0	1.88	998.12	
1263	0	0	0	1.86	998.14	
1264	0	0	0	1.66	998.34	
1265	0	0	0	1.62	998.38	
1266	0	0	0	1.28	998.72	
1267	0	0	0	1.4	998.6	
1268	0	0	0	1.34	998.66	
1269	0	0	0	1.38	998.62	
1270	0	0	0	1.5	998.5	
1271	0	0	0	1.56	998.44	
1272	0	0	0	1.7	998.3	
1273	0	0	0	2.34	997.66	
1274	0	0	0	2.28	997.72	
1275	0	0	0	2.22	997.78	
1276	0	0	0	2.16	997.84	
1277	0	0	0	2.72	997.28	
1278	0	0	0	2.86	997.14	
1279	0	0	0	2.64	997.36	
1280	0	0	0	2.48	997.52	
1281	0	0	0	2.36	997.64	
1282	0	0	0	2.64	997.36	
1283	0	0	0	2.8	997.2	
1284	0	0	0	2.42	997.58	
1285	0	0	0	2.52	997.48	
1286	0	0	0	1.78	998.22	
1287	0	0	0	1.74	998.26	
1288	0	0	0	1.88	998.12	
1289	0	0	0	1.44	998.56	
1290	0	0	0	1	999	
1291	0	0	0	1.18	998.82	
1292	0	0	0	1.36	998.64	
1293	0	0	0	1.44	998.56	
1294	0	0	0	1.36	998.64	
1295	0	0	0	1.06	998.94	
1296	0	0	0	1.32	998.68	
1297	0	0	0	1.66	998.34	
1298	0	0	0	1.44	998.56	
1299	0	0	0	1.44	998.56	
1300	0	0	0	1.56	998.44	
1301	0	0	0	1.48	998.52	
1302	0	0	0	1.38	998.62	
1303	0	0	0	1.2	998.8	
1304	0	0	0	1.42	998.58	
1305	0	0	0	1.2	998.8	
1306	0	0	0	1.14	998.86	
1307	0	0	0	1.08	998.92	
1308	0	0	0	1.2	998.8	
1309	0	0	0	0.88	999.12	
1310	0	0	0	0.76	999.24	
1311	0	0	0	0.74	999.26	
1312	0	0	0	0.66	999.34	
1313	0	0	0	0.34	999.66	
1314	0	0	0	0.12	999.88	
1315	0	0	0	0.2	999.8	
1316	0	0	0	0.22	999.78	
1317	0	0	0	0.3	999.7	
1318	0	0	0	0.34	999.66	
1319	0	0	0	0.44	999.56	
1320	0	0	0	0.48	999.52	
1321	0	0	0	0.5	999.5	
1322	0	0	0	0.72	999.28	
1323	0	0	0	0.64	999.36	
1324	0	0	0	0.68	999.32	
1325	0	0	0	0.6	999.4	
1326	0	0	0	0.66	999.34	
1327	0	0	0	0.4	999.6	
1328	0	0	0	0.46	999.54	
1329	0	0	0	0.36	999.64	
1330	0	0	0	0.28	999.72	
1331	0	0	0	0.32	999.68	
1332	0	0	0	0.44	999.56	
1333	0	0	0	0.32	999.68	
1334	0	0	0	0.32	999.68	
1335	0	0	0	0.16	999.84	
1336	0	0	0	0.14	999.86	
1337	0	0	0	0.06	999.94	
1338	0	0	0	0.04	999.96	
1339	0	0	0	0.1	999.9	
1340	0	0	0	0.26	999.74	
1341	0	0	0	0.26	999.74	
1342	0	0	0	0.2	999.8	
1343	0	0	0	0.12	999.88	
1344	0	0	0	0.12	999.88	
1345	0	0	0	0.22	999.78	
1346	0	0	0	0.1	999.9	
1347	0	0	0	0.08	999.92	
1348	0	0	0	0.12	999.88	
1349	0	0	0	0.04	999.96	
1350	0	0	0	0	1000	
