.007106115168784122
.017685893121362595
.03508352279134641
.05902463316600004
.08913165863298911
.12492979341563415
.16585447954364296
.21126031026955538
.26043120851869395
.31259171985239975
.3669192418477618
.42255699702922334
.4786275447611894
.5342466190110051
.5885370737525268
.6406427160829343
.6897418088962759
.7350600301685083
.7758826844783753
.8115659741811388
.8415471524820226
.8653533982893329
.8826092728855276
.8930426408200641
.8964889616480232
.8928938848312158
.8823141068786373
.8649164772086534
.8409753668339996
.8108683413670109
.775070206584366
.734145520456357
.6887396897304449
.639568791481306
.5874082801475997
.5330807581522387
.4774430029707768
.4213724552388105
.365753380988995
.3114629262474735
.2593572839170655
.21025819110372446
.16493996983149195
.12411731552162486
.08843402581886095
.058452847517977746
.0346466017106668
.01739072711447287
.006957359179936118
.0035110383519769695
.007106115168784122
.017685893121362595
.03508352279134641
.059024633166000484
.08913165863298911
.12492979341563415
.16585447954364319
.2112603102695545
.2604312085186937
.3125917198524
.3669192418477618
.42255699702922334
.4786275447611892
.5342466190110049
.588537073752527
.6406427160829342
.6897418088962761
.7350600301685082
.7758826844783757
.8115659741811386
.8415471524820224
.8653533982893329
.8826092728855275
.893042640820064
.8964889616480233
.8928938848312158
.8823141068786375
.8649164772086534
.8409753668339999
.8108683413670106
.775070206584366
.7341455204563568
.6887396897304455
.6395687914813064
.5874082801476004
.5330807581522388
.47744300297077724
.42137245523881073
.365753380988995
.31146292624747307
.2593572839170655
.210258191103724
.16493996983149173
.1241173155216242
.0884340258188614
.058452847517977746
.034646601710667246
.017390727114472426
.006957359179936118
.0035110383519769695
.007106115168784122
