1
.996451615591515
.985862422507884
.9683994186497132
.9443380060197386
.9140576474687262
.8780358823396353
.8368407953869103
.7911220577405484
.7416006812042827
.6890576474687263
.634321591563576
.5782557337881911
.521744266211809
.46567840843642383
.41094235253127365
.3583993187957173
.3088779422594514
.2631592046130896
.2219641176603649
.18594235253127367
.15566199398026148
.1316005813502869
.114137577492116
.103548384408485
.1
.10354838440848499
.11413757749211603
.13160058135028693
.15566199398026132
.1859423525312736
.22196411766036483
.2631592046130897
.30887794225945164
.3583993187957175
.41094235253127354
.46567840843642394
.521744266211809
.5782557337881907
.6343215915635759
.6890576474687262
.7416006812042824
.7911220577405483
.83684079538691
.8780358823396351
.9140576474687262
.9443380060197386
.968399418649713
.9858624225078839
.996451615591515
1
.996451615591515
.985862422507884
.968399418649713
.9443380060197386
.9140576474687262
.8780358823396349
.8368407953869106
.7911220577405487
.7416006812042829
.6890576474687263
.634321591563576
.5782557337881911
.5217442662118094
.4656784084364237
.41094235253127376
.35839931879571707
.30887794225945153
.2631592046130893
.22196411766036522
.18594235253127372
.15566199398026162
.13160058135028688
.11413757749211609
.10354838440848496
.1
.10354838440848492
.114137577492116
.13160058135028674
.15566199398026145
.18594235253127356
.221964117660365
.263159204613089
.3088779422594512
.35839931879571674
.4109423525312734
.4656784084364235
.5217442662118089
.5782557337881907
.6343215915635763
.6890576474687262
.7416006812042829
.7911220577405484
.8368407953869106
.8780358823396347
.9140576474687262
.9443380060197384
.9683994186497132
.9858624225078839
.996451615591515
1
