0
-.0002842443075107404
-.0005684868195799502
-.0008527257407774394
-.0011369592756957007
-.0014211856289612483
-.0017054030052459607
-.0019896096092784205
-.0022738036458552504
-.0025579833198524594
-.0028421468362367776
-.0031262924000769942
-.0034104182165552977
-.003694522490978612
-.0039786034287899305
-.004262659235579653
-.004546688117096924
-.00483068827926096
-.005114657928172384
-.00539859527012456
-.005682498511614917
-.0059663658593562836
-.006250195520288212
-.006533985701588303
-.0068177346106835365
-.007101440455261585
-.007385101443282144
-.007668715782988245
-.007952281682917579
-.008235797351913798
-.008519260999137858
-.008802670834079299
-.009086025066567572
-.009369321906783344
-.009652559565269803
-.009935736252943958
-.010218850181107955
-.010501899561460342
-.010784882606107403
-.011067797527574428
-.011350642538817015
-.01163341585323234
-.011916115684670473
-.012198740247445631
-.012481287756347471
-.012763756426652364
-.01304614447413467
-.013328450115078003
-.013610671566286507
-.01389280704509611
-.014174854769385792
-.014456812957588829
-.014738679828704068
-.015020453602307157
-.0153021324985618
-.015583714738231001
-.015865198542688294
-.01614658213392898
-.01642786373458138
-.01670904156791802
-.01699011385786689
-.017271078829022648
-.01755193470665783
-.017832679716734072
-.01811331208591331
-.018393830041568974
-.018674231811797205
-.018954515625428017
-.019234679712036514
-.019514722301954057
-.019794641626279454
-.020074435916890114
-.02035410340645323
-.02063364232843694
-.020913050917121496
-.021192327407610376
-.021471470035841503
-.021750477038598316
-.022029346653520937
-.022308077119117337
-.02258666667477439
-.022865113560769056
-.023143416018279468
-.023421572289396054
-.023699580617132635
-.023977439245437507
-.024255146419204555
-.024532700384284355
-.024810099387495205
-.025087341676634234
-.02536442550048847
-.02564134910884589
-.025918110752506475
-.02619470868329327
-.0264711411540634
-.026747406418719165
-.027023502732218988
-.027299428350588503
-.02757518153093154
-.027850760531441143
-.02812616361141057
