-.028424460675137354
-.02842437090296631
-.02842410158702023
-.028423652729000267
-.02842302433174164
-.028422216399213652
-.028421228936519646
-.02842006194989697
-.028418715446716952
-.02841718943548483
-.028415483925839726
-.028413598928554565
-.028411534455536014
-.028409290519824403
-.02840686713559365
-.028404264318151174
-.02840148208393778
-.028398520450527567
-.02839537943662783
-.02839205906207891
-.028388559347854107
-.028384880316059513
-.02838102198993389
-.02837698439384853
-.028372767553307077
-.028368371494945394
-.02836379624653137
-.02835904183696476
-.028354108296277002
-.02834899565563102
-.028343703947321032
-.028338233204772342
-.028332583462541132
-.028326754756314243
-.028320747122908958
-.02831456060027275
-.028308195227483058
-.028301651044747037
-.028294928093401304
-.02828802641591167
-.028280946055872884
-.028273687058008347
-.028266249468169833
-.028258633333337203
-.028250838701618108
-.02824286562224767
-.0282347141455882
-.028226384323128847
-.0282178762074853
-.028209189852399445
-.028200325312739017
-.02819128264449727
-.028182061904792607
-.028172663151868237
-.028163086445091787
-.02815333184495494
-.02814339941307306
-.02813328921218478
-.02812300130615162
-.02811253575995759
-.028101892639708772
-.02809107201263289
-.02808007394707891
-.028068898512516587
-.028057545779536047
-.028046015819847316
-.028034308706279886
-.02802242451278225
-.028010363314421437
-.027998125187382525
-.027985710208968177
-.027973118457598145
-.027960350012808777
-.027947404955252504
-.02793428336669735
-.027920985330026397
-.027907510929237274
-.02789386024944162
-.027880033376864545
-.02786603039884409
-.027851851403830678
-.027837496481386545
-.027822965722185188
-.027808259218010774
-.02779337706175758
-.02777831934742939
-.02776308617013891
-.02774767762610717
-.027732093812662915
-.027716334828241967
-.027700400772386644
-.027684291745745104
-.027668007850070713
-.0276515491882214
-.027634915864159032
-.02761810798294871
-.027601125650758153
-.027583968974857005
-.027566638063616145
-.027549133026507036
-.027531453974101002
