-71.06115168784338
-70.50081328184754
-68.8286349352525
-66.07098789949501
-62.27136191566742
-57.48967935532127
-51.80135020887191
-45.296082825001946
-38.07646915641343
-30.25636682344811
-21.959103511399583
-13.31553201924369
-4.461966632831045
4.461966632831037
13.315532019243674
21.959103511399583
30.256366823448122
38.07646915641346
45.29608282500198
51.801350208871895
57.48967935532126
62.27136191566741
66.07098789949498
68.82863493525251
70.50081328184753
71.06115168784338
70.50081328184753
68.82863493525248
66.07098789949498
62.27136191566745
57.489679355321286
51.80135020887192
45.296082825001946
38.07646915641341
30.25636682344809
21.959103511399583
13.315532019243674
4.461966632831005
-4.461966632830997
-13.315532019243651
-21.95910351139956
-30.256366823448065
-38.07646915641339
-45.29608282500193
-51.801350208871895
-57.489679355321265
-62.27136191566742
-66.07098789949498
-68.8286349352525
-70.50081328184753
-71.06115168784338
-70.50081328184754
-68.8286349352525
-66.070987899495
-62.271361915667406
-57.48967935532124
-51.801350208871874
-45.29608282500201
-38.076469156413474
-30.256366823448143
-21.9591035113996
-13.31553201924369
-4.461966632831021
4.461966632830989
13.315532019243706
21.95910351139957
30.256366823448168
38.07646915641343
45.296082825002024
51.80135020887183
57.48967935532126
62.271361915667384
66.07098789949501
68.82863493525248
70.50081328184753
71.06115168784338
70.50081328184753
68.82863493525251
66.07098789949501
62.27136191566741
57.489679355321286
51.80135020887186
45.29608282500206
38.07646915641349
30.256366823448232
21.959103511399615
13.315532019243754
4.461966632831037
-4.461966632830974
-13.31553201924369
-21.959103511399544
-30.256366823448168
-38.07646915641343
-45.29608282500201
-51.80135020887183
-57.48967935532126
-62.271361915667384
-66.070987899495
-68.8286349352525
-70.50081328184754
-71.06115168784338
