0
-.7087427384692895
-1.4063081805705284
-2.0816953025763834
-2.7242528461161126
-3.323847294882822
-3.8710226862390997
-4.357149737396523
-4.774561934360113
-5.116676437433796
-5.3780978965348005
-5.554703539087494
-5.6437081886097245
-5.6437081886097245
-5.554703539087494
-5.3780978965348005
-5.116676437433796
-4.774561934360112
-4.357149737396523
-3.871022686239101
-3.323847294882823
-2.724252846116114
-2.0816953025763847
-1.4063081805705284
-.708742738469291
-6925214497398443e-31
.7087427384692897
1.4063081805705295
2.0816953025763856
2.7242528461161104
3.3238472948828215
3.8710226862391
4.357149737396523
4.774561934360115
5.116676437433798
5.3780978965348005
5.554703539087495
5.6437081886097245
5.6437081886097245
5.554703539087495
5.3780978965348005
5.116676437433798
4.774561934360116
4.357149737396525
3.8710226862391015
3.3238472948828233
2.7242528461161126
2.081695302576388
1.4063081805705315
.7087427384692917
13850428994796886e-31
-.708742738469289
-1.4063081805705289
-2.0816953025763847
-2.7242528461161144
-3.3238472948828246
-3.8710226862391033
-4.35714973739652
-4.774561934360111
-5.116676437433795
-5.3780978965348005
-5.554703539087494
-5.6437081886097245
-5.6437081886097245
-5.554703539087494
-5.3780978965348005
-5.116676437433794
-4.774561934360113
-4.357149737396519
-3.871022686239106
-3.3238472948828233
-2.7242528461161175
-2.0816953025763834
-1.4063081805705322
-.7087427384692875
-20775643492195328e-31
.7087427384692834
1.4063081805705282
2.0816953025763794
2.7242528461161135
3.32384729488282
3.871022686239103
4.357149737396516
4.7745619343601104
5.116676437433792
5.3780978965348
5.554703539087494
5.6437081886097245
5.6437081886097245
5.554703539087494
5.378097896534801
5.116676437433794
4.774561934360114
4.357149737396519
3.871022686239107
3.323847294882824
2.724252846116118
2.0816953025763842
1.4063081805705329
.708742738469288
27700857989593773e-31
