0	1000	0	0	0	0	0	0	0	0	0	
1	899.6	95.8	4.6	0	0	0	0	0	0	0	
2	814.2	165.4	19.6	0.8	0	0	0	0	0	0	
3	741.8	219.4	33.6	5.2	0	0	0	0	0	0	
4	670.2	266	55.8	7.8	0.2	0	0	0	0	0	
5	607.6	303.4	78.6	10	0.2	0.2	0	0	0	0	
6	540.8	340	100	16.6	2.2	0.4	0	0	0	0	
7	499.4	358.4	118.2	19	5	0	0	0	0	0	
8	448	376.2	140.8	27.4	6.4	1	0.2	0	0	0	
9	381.8	402	167	38	9.6	1.6	0	0	0	0	
10	342.8	403.2	185.6	50.8	15.2	2	0.4	0	0	0	
11	298.8	406.4	198.8	72.6	20.6	2.6	0.2	0	0	0	
12	270.2	386.6	223	89.4	25	5.8	0	0	0	0	
13	247.8	378.4	232.6	105.2	31.6	4	0.4	0	0	0	
14	222.8	363.4	248.6	124	32.2	8.6	0.4	0	0	0	
15	204.8	350.8	261	131.8	36.4	13.4	1.6	0.2	0	0	
16	193.8	329	271	145	44.6	13.6	2.8	0.2	0	0	
17	163.6	319	281	167.8	49.4	14.8	4.4	0	0	0	
18	148.4	312.6	269.8	178.6	60.2	24	6.4	0	0	0	
19	138.8	282	277	187.6	71.4	34.2	8.6	0.4	0	0	
20	126.8	273	281.2	191.2	73.2	40.6	12.4	1.6	0	0	
21	106	265	283.6	207.6	79.8	42.6	13.6	1.8	0	0	
22	98.6	254.6	293	205.4	87.6	42	17.2	1.6	0	0	
23	93.8	225.8	299.8	214	100.4	47.8	17.2	1.2	0	0	
24	80.2	203.4	300.8	226.4	112	54.8	18.8	2.8	0.8	0	
25	72.8	182.8	297	232.8	126	62.2	20.8	4.8	0.8	0	
26	70.4	177.6	287.6	241.2	131.2	66.8	19	4.8	1.2	0.2	
27	66.6	167.4	291.2	231.6	152	63.2	20.4	7.4	0.2	0	
28	64	152.2	286	231.2	168.8	64.8	26.2	6.4	0.4	0	
29	54	133	259.4	260.8	180	72.6	31	8.2	1	0	
30	45.4	122	247.4	261.8	190	82.8	36.2	12.4	2	0	
31	46.2	120.6	241.8	255.6	195.6	83.6	40.2	13.6	2.8	0	
32	52.4	113.6	219.4	252.8	194.8	90.8	48.4	22.6	5	0.2	
33	42.8	118.2	205.4	255.2	194.6	107.4	47.6	21.4	6.8	0.6	
34	41	107	196.2	258.2	208.6	111.2	48.4	20.2	9	0.2	
35	41.6	95.6	183.8	247.4	218	122	61.4	20.2	9.6	0.4	
36	37	90.4	189.8	240.8	216.6	129.6	61.8	25	9	0	
37	33.6	75.4	182.4	240.4	225.8	136.2	65.4	31.2	9.4	0.2	
38	29	73.4	168	235	221.8	144	76	36.4	14	2.4	
39	22	64.8	175.2	219.6	220.4	156	80.4	39.4	17.6	4.6	
40	19.4	56.8	175.6	225.4	212.8	160.6	80.4	41.6	20.2	7.2	
41	17.4	59.6	171.2	215.8	212.2	158.6	86.6	44.8	23.6	10.2	
42	13.6	52	167.2	203.8	208.8	169.8	93.6	51.4	25.6	14.2	
43	13.4	42.8	164	200.6	206	170.4	103.4	56.8	28	14.6	
44	8.8	40.4	155.8	205.6	212	168	104	60.2	25	20.2	
45	10.2	31.4	148.6	187.6	209.8	166.4	118.2	66.2	35.2	26.4	
46	10.8	34.4	138.6	175.4	190.6	168.8	137.2	78	39.4	26.8	
47	11.6	32.2	135	164	179.2	165.4	148.8	86	46	31.8	
48	7.8	34.8	136.8	163.6	173.4	161.6	140.4	89.6	53	39	
49	4.4	34.8	131.8	161	174	155.8	141.4	94.8	60.6	41.4	
50	3	35.2	129.6	152.6	180.6	153.2	137.8	95.8	62	50.2	
51	3	22	123.6	163.8	185.8	146.4	132.6	102.6	63.6	56.6	
52	2.6	24	110.6	155.4	177.4	169	126.4	102.4	68.4	63.8	
53	1.6	18.4	95.2	156	180.8	170.4	120	111.4	73	73.2	
54	2.8	20	89	153.4	173.2	173.8	130	108	70.4	79.4	
55	2	20.8	83.2	142.2	171.4	166.8	134.8	113	76.4	89.4	
56	0.4	19.8	76	143.2	167.2	153.6	134.6	116.4	75.6	113.2	
57	0	18.6	67	141	149.2	150	142.2	116.4	82.8	132.8	
58	0	17	59.2	132	161.2	144.2	140	117.8	89	139.6	
59	0	12.6	47.6	114.6	161.8	152	138.2	127.6	107.4	138.2	
60	0	10.4	44.4	116.2	151.8	153.4	124.6	123.8	116.4	159	
61	0	11.6	40.8	113.2	134.4	152	132.2	126	114.8	175	
62	0	10.6	34.2	102.8	141.4	145	143.6	134.8	109.4	178.2	
63	0	8.4	32.4	96.6	143.4	149	137.2	130.6	117.4	185	
64	0	8	31.6	91.2	121.8	155	130	149.4	121.8	191.2	
65	0	8	31	87	120.2	142.2	129.8	152	130	199.8	
66	0	8	34	86.8	110.8	147.4	123	155	128.2	206.8	
67	0	10.4	31.4	81.6	98.4	146.6	117.2	153.8	140.6	220	
68	0	12.8	29.4	72.4	92	145.6	125	142.4	140.8	239.6	
69	0	8.6	28.4	63	85	143	126.6	132.4	155	258	
70	0	11	26	57	83.2	134	123.8	124.6	149.2	291.2	
71	0	8.2	26.6	45	90.6	132.2	126	121.2	147.8	302.4	
72	0	8	21.8	34.8	89.4	123.6	121.2	109.8	150.6	340.8	
73	0	6.8	19	35.8	83	116.8	122.8	116.6	139.6	359.6	
74	0	6.8	16.6	30	84.6	109.8	116.8	114.8	140.8	379.8	
75	0	5.6	12.2	33.2	78.8	112.8	119.8	121.6	128	388	
76	0	3.4	12.8	30	68.2	115.4	108.2	124.8	114.6	422.6	
77	0	3.6	15.2	32.6	65.2	109.2	111.6	118.2	124	420.4	
78	0	3	13.6	29.8	69.4	119.4	107.2	113	117.8	426.8	
79	0	3.8	14	25.8	60.4	113	116.8	120.2	121.6	424.4	
80	0	1.8	11	30.2	55.6	108.8	109.8	110.6	131.4	440.8	
81	0	2.4	11.6	28.2	54.4	102.4	115.8	115.2	135.6	434.4	
82	0	2.6	10.6	29	48.4	108.4	113.2	104.4	135	448.4	
83	0	1.8	11.2	27	53.4	88.8	106.4	109	137.2	465.2	
84	0	1.4	6.4	25	49.6	93.4	98.4	116	148	461.8	
85	0	1.2	7.8	26.4	49.8	95.4	94.8	114.8	141.2	468.6	
86	0	1	7.6	20.6	44.2	91.2	95	106	138.8	495.6	
87	0	1.4	7.4	19	40.6	81.2	90.2	100.2	142.8	517.2	
88	0	0.4	6.6	18.8	36.8	76.2	88	107	134	532.2	
89	0	0.2	8.6	14.6	40.4	70	81	112.4	130.8	542	
90	0	0	7.6	11.8	35.2	65.8	90.6	107.2	127.4	554.4	
91	0	0	8.2	12	34	60.4	80.2	105.6	134.8	564.8	
92	0	0	9.6	11.4	36	52.6	77.4	93.4	133.8	585.8	
93	0	0	9.2	11.8	35.2	51.4	75.8	84.6	137.8	594.2	
94	0	0	9.8	13	32.6	52.6	74.2	74.2	122	621.6	
95	0	0	5.4	13.2	26.8	54.8	77	68.6	112.4	641.8	
96	0	0	4.4	11.6	30.4	46.8	80.4	75.6	108.2	642.6	
97	0	0	2.8	10.8	30.2	45.2	75	75	115.6	645.4	
98	0	0	2.8	10.2	27.6	47.2	75.6	69.4	116	651.2	
99	0	0	2.4	11	24.8	44	74.2	68	109.6	666	
100	0	0	0.6	10.6	22.4	42	69.2	69	98.6	687.6	
101	0	0	0.2	10.6	19.2	37.4	63.6	69	98.8	701.2	
102	0	0	0	10.6	12.4	30.8	63.4	73	103.6	706.2	
103	0	0	0	9.4	14	27.2	65.8	73	99.2	711.4	
104	0	0	0	10.6	17.8	25.6	59.4	71.8	93.8	721	
105	0	0	0	13.4	20.6	28.8	49.4	71.6	84.2	732	
106	0	0	0	12.2	18.4	27.4	44.8	78.4	80.6	738.2	
107	0	0	0	12.8	21.4	25.2	41.6	71.8	91.4	735.8	
108	0	0	0	12.6	19	21.6	44.4	67.6	83.2	751.6	
109	0	0	0	10.2	24.4	21.4	38.6	62	78	765.4	
110	0	0	0	8.2	20.2	24.4	34.4	60.6	70.4	781.8	
111	0	0	0	6.2	21.2	22.2	39.2	56.6	72.2	782.4	
112	0	0	0	5.4	20.2	27.2	35.8	51.2	73.2	787	
113	0	0	0	6.2	20.2	22.8	37	54.2	63.4	796.2	
114	0	0	0	4.2	17.6	19.8	31	51.4	65.8	810.2	
115	0	0	0	3.6	15.2	19.2	31.4	48.8	63.4	818.4	
116	0	0	0	5.2	11.8	17.2	27.4	47.2	66	825.2	
117	0	0	0	4.2	12.6	16.8	24.6	44.4	60.8	836.6	
118	0	0	0	3.4	12.4	15.2	22.8	38.6	62.6	845	
119	0	0	0	3.8	8.4	16	24.2	36.4	69.6	841.6	
120	0	0	0	3.8	10.2	14.8	23.8	30	59.4	858	
121	0	0	0	3.8	14.6	11.2	21.8	24.2	53.8	870.6	
122	0	0	0	2.2	11.2	14.2	23	25.4	51.8	872.2	
123	0	0	0	2.6	9.4	14	30.4	27.8	54	861.8	
124	0	0	0	3.2	10.8	12.2	24.6	24.4	51.2	873.6	
125	0	0	0	7	7.6	7.6	25.4	25.6	51.6	875.2	
126	0	0	0	8.2	7.2	6.6	22.2	23.4	52	880.4	
127	0	0	0	7.4	9	6.2	24.4	23.8	53	876.2	
128	0	0	0	7	8	5.6	18.6	22.2	51.4	887.2	
129	0	0	0	6	7	6.2	18.6	21	43.6	897.6	
130	0	0	0	4.2	6.2	9	14	18.8	34.2	913.6	
131	0	0	0	3.4	6.4	10.6	13.6	20.6	29	916.4	
132	0	0	0	5	5	8.8	12.2	15.8	28.2	925	
133	0	0	0	4.8	6.2	5.8	9	14.4	31.4	928.4	
134	0	0	0	8	4	5.4	8.4	10.8	25	938.4	
135	0	0	0	9.2	5.4	5.2	8	11.4	21.8	939	
136	0	0	0	10.4	5	3.6	8.2	12	26	934.8	
137	0	0	0	10.6	6.6	3.8	6.8	15	28.4	928.8	
138	0	0	0	8.6	7.8	3.6	7.8	14.2	22	936	
139	0	0	0	7.2	4.6	3.2	6.8	14.6	20.2	943.4	
140	0	0	0	5.6	6.2	4.4	7.6	14.8	15.8	945.6	
141	0	0	0	6.8	4.2	3.4	8.4	10.4	13.6	953.2	
142	0	0	0	6.6	6.2	3.4	7.8	8.6	12	955.4	
143	0	0	0	4.4	8.6	2.2	6.8	5.8	13	959.2	
144	0	0	0	3.6	8.2	3.4	8.2	5	15	956.6	
145	0	0	0	4.4	6.4	4.2	6.8	4.6	13.4	960.2	
146	0	0	0	6	4.8	2.6	8.2	3.8	12.2	962.4	
147	0	0	0	7.2	3.4	3.8	7.4	5.8	10.2	962.2	
148	0	0	0	7.4	5.2	6	7.8	9.4	7.2	957	
149	0	0	0	6.8	7.4	7	6.8	8.8	8.6	954.6	
150	0	0	0	6.2	7.6	5.8	7.2	12.6	9.4	951.2	
151	0	0	0	3.6	7.8	5.8	5.4	10.6	8.8	958	
152	0	0	0	3	7	6.8	4.6	12.2	10.4	956	
153	0	0	0	1.8	7	7.2	6.4	10	12.2	955.4	
154	0	0	0	1.4	10.6	8.8	5.4	8.6	8.8	956.4	
155	0	0	0	1	7.8	7	4.6	10.6	6.4	962.6	
156	0	0	0	1	5.8	6.8	4.2	10	5.8	966.4	
157	0	0	0	1.2	6.8	4.2	5.2	10	5.4	967.2	
158	0	0	0	0.8	8	3.6	6.8	8.2	4.6	968	
159	0	0	0	1.2	5.4	6.2	4.8	10.2	4.2	968	
160	0	0	0	2.4	4.4	7.2	7.2	7.8	5.4	965.6	
161	0	0	0	2.8	3.6	6.2	9	10.8	4.6	963	
162	0	0	0	2	2.6	6.2	7.4	11	5.2	965.6	
163	0	0	0	2.2	3.8	5.2	9	9.4	4.4	966	
164	0	0	0	0.6	2.6	5.4	8.4	9.8	5.6	967.6	
165	0	0	0	0	2	5.4	9.6	9.4	3	970.6	
166	0	0	0	0	2.2	3.6	9.4	9.8	2.2	972.8	
167	0	0	0	0	0.8	4.8	8.4	12.4	2.8	970.8	
168	0	0	0	0	0.6	4.2	9.2	11.6	3	971.4	
169	0	0	0	0	0.2	2.6	8	10	2	977.2	
170	0	0	0	0	0.4	1.6	8.8	9.2	1.2	978.8	
171	0	0	0	0	0	0.6	7.8	7.4	1.6	982.6	
172	0	0	0	0	0	0.2	6.4	4.8	1	987.6	
173	0	0	0	0	0	0.6	7.4	5.4	0.8	985.8	
174	0	0	0	0	0	0	8.2	7.6	0.6	983.6	
175	0	0	0	0	0	0	9	8	0.2	982.8	
176	0	0	0	0	0	0	9.4	7.4	1	982.2	
177	0	0	0	0	0	0	10.6	6	1.8	981.6	
178	0	0	0	0	0	0	9.2	7.6	1.4	981.8	
179	0	0	0	0	0	0	9.6	8.4	3.2	978.8	
180	0	0	0	0	0	0	9.2	10.4	6.6	973.8	
181	0	0	0	0	0	0	9.4	13.8	6.6	970.2	
182	0	0	0	0	0	0	9	10.6	10.6	969.8	
183	0	0	0	0	0	0	11.2	15.2	11	962.6	
184	0	0	0	0	0	0	7.6	13.2	14	965.2	
185	0	0	0	0	0	0	8.4	13.8	15.8	962	
186	0	0	0	0	0	0	6.6	14.6	17.8	961	
187	0	0	0	0	0	0	5.8	11.8	11.8	970.6	
188	0	0	0	0	0	0	6.8	14.6	8	970.6	
189	0	0	0	0	0	0	6.4	11.2	6.4	976	
190	0	0	0	0	0	0	5.2	12.2	4	978.6	
191	0	0	0	0	0	0	6.4	14.4	3.2	976	
192	0	0	0	0	0	0	6	13.8	2	978.2	
193	0	0	0	0	0	0	5.6	12.6	4.2	977.6	
194	0	0	0	0	0	0	2.8	10	4	983.2	
195	0	0	0	0	0	0	1.4	7.4	2.8	988.4	
196	0	0	0	0	0	0	0.6	6.4	2.2	990.8	
197	0	0	0	0	0	0	1	5.8	3.6	989.6	
198	0	0	0	0	0	0	0.8	3.2	3.8	992.2	
199	0	0	0	0	0	0	1.8	2.2	3.4	992.6	
200	0	0	0	0	0	0	1.2	1.6	1.4	995.8	
201	0	0	0	0	0	0	0.4	1.2	1.8	996.6	
202	0	0	0	0	0	0	0.8	0.6	2.4	996.2	
203	0	0	0	0	0	0	0.2	0.2	1	998.6	
204	0	0	0	0	0	0	0	0	0.4	999.6	
205	0	0	0	0	0	0	0	0	0	1000	
