0	100	0	0	0	0	0	0	0	0	0	
1	88.81	9.83	0.91	0.07	0	-0.01	-0.02	-0.01	0.02	0.4	
2	80.27	15.87	2.77	0.55	0.11	-0.01	-0.02	-0.01	0.01	0.46	
3	73.08	19.46	4.84	1.53	0.49	0.08	0.02	-0.01	0.03	0.48	
4	66.01	22.19	6.43	2.38	0.97	0.37	0.08	0.06	0.04	1.47	
5	59	25.11	8.84	3.3	1.34	0.63	0.18	0.11	0.07	1.42	
6	53.59	25.62	11.06	4.14	2.15	1.07	0.45	0.14	0.08	1.7	
7	45.92	25.33	11.85	5.81	2.8	1.23	0.79	0.33	0.21	5.73	
8	41.27	25.47	13.15	6.46	3.69	1.99	1.05	0.55	0.39	5.98	
9	34.21	24.51	13.62	7.53	4.48	2.51	1.27	0.83	0.46	10.58	
10	30.28	23.55	13.81	8.05	5.66	2.91	1.7	0.95	0.69	12.4	
11	25.45	21.67	13.32	8.86	6.2	3.82	2.08	1.36	0.95	16.29	
12	22.34	20.29	13.63	9.12	6.56	4.71	3.14	2.03	1.29	16.89	
13	20.47	17.47	12.9	9.58	6.52	4.88	3.64	2.42	1.9	20.22	
14	18.25	15.83	12.25	9.19	6.47	5.01	3.91	2.62	2.08	24.39	
15	16.07	14.89	12.23	9.29	7.03	5.14	3.81	2.79	2.13	26.62	
16	15.06	13.37	11.43	9.17	7.2	5.63	4.35	3.36	2.5	27.93	
17	13.32	12.41	10.86	8.49	6.98	6.11	4.85	3.74	3.12	30.12	
18	11.47	10.74	10.19	8.32	7.16	6.51	5.3	3.89	3.15	33.27	
19	10.8	9.57	9.58	8.11	6.6	6.22	5.48	4.71	3.71	35.22	
20	9.12	8.6	9.2	7.92	6.35	5.58	5.27	4.81	4.05	39.1	
21	8.26	8.02	8.42	7.87	6.57	5.95	4.77	4.37	3.89	41.88	
22	7.11	7.73	7.38	7.64	6.5	5.95	5.07	4.44	4.2	43.98	
23	6.52	6.78	6.56	7.19	6.76	5.98	4.76	4.35	4.2	46.9	
24	5.78	5.64	6.2	6.45	6.38	6.04	5.43	4.22	3.72	50.14	
25	5.42	5.03	5.78	6.6	6.04	5.66	5.26	4.72	3.84	51.65	
26	5	4.98	5.33	5.76	6.13	5.54	5.32	4.27	4.26	53.41	
27	4.46	4.46	5.2	5.19	5.5	5.44	5.57	4.93	4.2	55.05	
28	4.44	3.9	5.11	4.69	4.98	5.25	4.99	4.69	4.68	57.27	
29	4.36	3.61	4.73	4.26	4.52	4.83	4.94	4.66	4.23	59.86	
30	3.5	3.49	4.5	4.33	4.27	4.32	4.63	4.59	4.53	61.84	
31	3.35	3.35	4.1	4.02	4.2	4.35	4.77	4.39	4.22	63.25	
32	3.24	3.48	4.08	3.76	3.68	3.88	4.36	4.22	4.02	65.28	
33	2.89	2.97	4	3.56	3.53	3.65	4.14	4.28	4.29	66.69	
34	2.7	3.11	3.87	3.34	3.35	3.51	3.69	4.04	4.24	68.15	
35	2.42	2.78	3.99	3.05	3.18	3.51	3.73	3.96	3.91	69.47	
36	1.68	2.93	3.62	2.95	2.87	3.37	3.69	4.06	4.29	70.54	
37	1.75	2.75	3.03	2.81	3	3.18	3.7	3.95	4.11	71.72	
38	1.48	2.64	2.96	2.9	2.72	3.15	3.73	4.01	4.02	72.39	
39	1.36	2.34	2.81	3.17	2.87	2.59	3.26	3.78	3.93	73.89	
40	1.31	1.87	2.31	3.09	2.86	2.9	3.29	3.4	3.95	75.02	
41	1.12	1.72	2.12	2.76	2.68	2.92	3.15	3.26	3.93	76.34	
42	1.02	1.55	1.7	2.38	2.72	2.97	3.04	3.24	3.78	77.6	
43	0.94	1.23	1.39	2.16	2.3	2.85	3.04	3.31	3.94	78.84	
44	0.74	1.38	1.32	1.79	2.29	2.59	2.95	3.5	4.29	79.15	
45	0.89	1.48	1.2	1.68	2.09	2.43	2.96	3.49	4.23	79.55	
46	0.82	1.47	1.22	1.66	2.19	2.5	2.78	3.36	4.34	79.66	
47	0.73	1.31	1.68	1.56	2.01	2.47	3	3.64	4.39	79.21	
48	0.65	1.35	1.87	1.41	2.1	2.44	2.87	3.71	4.07	79.53	
49	0.55	1.15	1.9	1.56	1.81	2.19	2.8	3.56	4.38	80.1	
50	0.45	1.12	1.72	1.64	1.86	2.05	2.8	3.61	4.53	80.22	
51	0.33	0.85	1.75	1.67	1.61	2.1	2.87	4.09	5.16	79.57	
52	0.46	0.59	1.39	1.66	1.79	1.94	2.43	4.12	5.66	79.96	
53	0.29	0.6	1.18	1.56	1.75	1.82	2.15	3.77	5.78	81.1	
54	0.27	0.5	1.02	1.55	1.52	1.94	2.18	3.74	5.75	81.53	
55	0.3	0.42	0.8	1.23	1.79	2	2.17	3.75	5.76	81.78	
56	0.31	0.33	0.75	1.2	1.32	1.7	2.33	3.47	6.07	82.52	
57	0.22	0.35	0.81	1.15	1.15	1.53	1.97	3.68	6.19	82.95	
58	0.27	0.38	0.66	1.12	1.36	1.27	2	3.22	6.08	83.64	
59	0.2	0.42	0.6	1.04	1.44	1.33	1.74	2.89	5.98	84.36	
60	0.21	0.37	0.38	0.93	1.3	1.32	1.82	2.98	5.93	84.76	
61	0.19	0.41	0.41	0.69	1.17	1.33	1.7	2.74	5.81	85.55	
62	0.23	0.4	0.4	0.71	0.95	1.26	1.59	2.67	5.84	85.95	
63	0.14	0.33	0.34	0.62	1.02	1.11	1.61	2.59	5.6	86.64	
64	0.14	0.27	0.36	0.47	0.92	1.21	1.4	2.31	5.69	87.23	
65	0.06	0.25	0.27	0.39	0.78	1.26	1.4	2.19	5.61	87.79	
66	0.1	0.31	0.24	0.35	0.77	1.18	1.48	2.06	5.43	88.08	
67	0.08	0.27	0.2	0.23	0.67	1.1	1.39	2.12	5.58	88.36	
68	0.06	0.28	0.24	0.23	0.49	0.93	1.38	2.16	5.63	88.6	
69	0.05	0.19	0.33	0.28	0.47	0.81	1.18	2.27	5.56	88.86	
70	0.1	0.22	0.19	0.32	0.46	0.64	1.33	2.04	5.54	89.16	
71	0.07	0.21	0.26	0.25	0.49	0.54	1.17	2.04	5.52	89.45	
72	0.06	0.14	0.27	0.33	0.42	0.63	1.03	1.99	5.27	89.86	
73	0.12	0.1	0.18	0.29	0.35	0.57	1.06	1.93	5.22	90.18	
74	0.16	0.09	0.13	0.3	0.3	0.5	0.87	1.92	5	90.73	
75	0.19	0.06	0.23	0.26	0.24	0.35	0.8	1.76	5.13	90.98	
76	0.15	0.06	0.21	0.2	0.31	0.39	0.72	1.76	5.11	91.09	
77	0.13	0.05	0.19	0.24	0.18	0.28	0.71	1.78	5.26	91.18	
78	0.15	0.05	0.15	0.28	0.18	0.26	0.54	1.76	5.45	91.18	
79	0.09	0.05	0.13	0.21	0.18	0.36	0.36	1.7	5.48	91.44	
80	0.12	0.05	0.09	0.21	0.16	0.35	0.5	1.58	5.43	91.51	
81	0.16	0.06	0.11	0.27	0.22	0.27	0.43	1.44	5.5	91.54	
82	0.11	0.08	0.17	0.29	0.21	0.26	0.52	1.39	5.45	91.52	
83	0.08	0.06	0.12	0.33	0.26	0.24	0.47	1.46	5.54	91.44	
84	0.06	0.08	0.19	0.25	0.23	0.29	0.43	1.45	5.5	91.52	
85	0.07	0.12	0.12	0.27	0.28	0.27	0.46	1.56	5.4	91.45	
86	0.07	0.13	0.05	0.27	0.23	0.24	0.47	1.56	5.44	91.54	
87	0.09	0.09	0.06	0.17	0.23	0.28	0.44	1.48	5.76	91.4	
88	0.07	0.04	0.1	0.11	0.23	0.31	0.52	1.57	5.54	91.51	
89	0.1	0.05	0.11	0.07	0.11	0.3	0.41	1.53	5.65	91.67	
90	0.06	0.12	0.14	0.11	0.15	0.24	0.41	1.64	5.35	91.78	
91	0.07	0.15	0.15	0.06	0.18	0.21	0.35	1.46	5.29	92.08	
92	0.16	0.09	0.18	0.07	0.14	0.15	0.35	1.43	4.99	92.44	
93	0.15	0.15	0.2	0.12	0.11	0.12	0.32	1.44	5.01	92.38	
94	0.1	0.14	0.23	0.16	0.11	0.13	0.28	1.43	5.08	92.34	
95	0.09	0.13	0.23	0.19	0.17	0.16	0.25	1.39	4.97	92.42	
96	0.06	0.17	0.17	0.23	0.21	0.13	0.27	1.31	4.99	92.46	
97	0.1	0.12	0.17	0.21	0.22	0.11	0.21	1.39	5.03	92.44	
98	0.1	0.07	0.07	0.21	0.16	0.15	0.23	1.42	4.92	92.67	
99	0.13	0.07	0.05	0.13	0.17	0.13	0.32	1.71	4.76	92.53	
100	0.14	0.08	0.04	0.11	0.09	0.11	0.22	1.59	4.94	92.68	
101	0.07	0.11	0.03	0.07	0.05	0.07	0.2	1.35	4.53	93.52	
102	0.04	0.12	0.09	0.08	0.06	0.1	0.19	1.25	4.61	93.46	
103	0.04	0.13	0.14	0.09	0.07	0.03	0.23	1.2	4.74	93.33	
104	0.02	0.08	0.05	0.12	0.04	0.06	0.15	1.23	4.7	93.55	
105	0.01	0.04	0.01	0.11	0.06	0.07	0.13	1.1	4.78	93.69	
106	0	0.03	0	0.06	0.08	0.04	0.11	1.05	4.76	93.87	
107	0	0.01	0	0.04	0.04	0.09	0.07	1.07	4.74	93.94	
108	0	0.02	0.01	0.01	0.03	0.08	0.08	1.06	4.81	93.9	
109	0	0.01	0.02	0.03	0.01	0.06	0.07	0.95	4.8	94.05	
110	0	0.03	0.03	0.03	0.01	0.03	0.08	0.9	4.88	94.01	
111	0	0.1	0.03	0.03	0.01	0.03	0.08	0.86	4.83	94.03	
112	0	0.2	0.03	0.02	0.01	0.03	0.05	0.85	4.46	94.35	
113	0	0.25	0.03	0.02	0	0.02	0.05	0.82	4.3	94.51	
114	0	0.39	0.02	0.02	0	0.02	0.02	0.9	4.34	94.29	
115	0	0.47	0.02	0.01	0	0.01	0.01	0.9	4.09	94.49	
116	0	0.65	0.02	0	0	0.01	0.01	0.86	3.87	94.58	
117	0	0.79	0.01	0	0	0	0.01	0.81	3.81	94.57	
118	0	0.81	0.08	0	0	0	0	0.87	3.7	94.54	
119	0	0.72	0.22	0.01	0	0	0	0.85	3.69	94.51	
120	0	0.56	0.35	0.06	0	0	0	0.73	3.23	95.07	
121	0	0.34	0.39	0.2	0.05	0	0	0.76	3.23	95.03	
122	0	0.22	0.44	0.17	0.13	0.02	0	0.7	3.1	95.22	
123	0	0.19	0.28	0.31	0.16	0.06	0	0.68	2.86	95.46	
124	0	0.15	0.14	0.25	0.2	0.17	0.09	0.66	2.89	95.45	
125	0	0.11	0.14	0.11	0.23	0.16	0.15	0.8	2.75	95.55	
126	0	0.14	0.05	0.19	0.21	0.17	0.15	0.81	2.46	95.82	
127	0	0.17	0.08	0.19	0.15	0.17	0.09	0.83	2.36	95.96	
128	0	0.17	0.08	0.17	0.13	0.15	0.14	0.75	2.4	96.01	
129	0	0.11	0.12	0.11	0.15	0.11	0.17	0.81	2.4	96.02	
130	0	0.14	0.09	0.08	0.14	0.13	0.11	0.8	2.4	96.11	
131	0	0.21	0.04	0.02	0.09	0.15	0.16	0.81	2.39	96.13	
132	0	0.13	0.13	0.03	0.11	0.1	0.17	0.86	2.39	96.08	
133	0	0.06	0.14	0.1	0.13	0.1	0.1	0.78	2.5	96.09	
134	0	0.06	0.14	0.14	0.08	0.14	0.07	0.73	2.44	96.2	
135	0	0.04	0.06	0.16	0.14	0.06	0.14	0.78	2.45	96.17	
136	0	0.06	0.05	0.2	0.11	0.05	0.12	0.87	2.37	96.17	
137	0	0.06	0.01	0.2	0.09	0.1	0.15	0.81	2.46	96.12	
138	0	0.05	0.03	0.18	0.09	0.11	0.15	0.88	2.43	96.08	
139	0	0.01	0.01	0.13	0.13	0.11	0.18	0.94	2.45	96.04	
140	0	0.01	0.02	0.1	0.16	0.14	0.16	0.97	2.42	96.02	
141	0	0.02	0.05	0.08	0.08	0.15	0.13	1	2.46	96.03	
142	0	0.01	0.03	0.12	0.16	0.08	0.19	0.95	2.49	95.97	
143	0	0.01	0.04	0.07	0.21	0.13	0.17	1.04	2.45	95.88	
144	0	0	0.08	0.04	0.16	0.19	0.14	1.12	2.53	95.74	
145	0	0	0.03	0.04	0.12	0.19	0.15	0.99	2.7	95.78	
146	0	0	0	0	0.04	0.15	0.25	1	2.7	95.86	
147	0	0	0	0	0.03	0.1	0.14	1.12	2.74	95.87	
148	0	0	0	0	0.03	0.08	0.14	1.02	2.89	95.84	
149	0	0	0	0	0.01	0.06	0.17	1.07	2.9	95.79	
150	0	0	0	0	0	0.02	0.16	1.04	2.95	95.83	
151	0	0	0	0	0	0.01	0.16	1	3.01	95.82	
152	0	0	0	0	0	0	0.15	0.93	3.21	95.71	
153	0	0	0	0	0	0	0.09	0.87	3.3	95.74	
154	0	0	0	0	0	0	0.06	0.85	3.26	95.83	
155	0	0	0	0	0	0	0.09	0.8	3.3	95.81	
156	0	0	0	0	0	0	0.07	0.92	3.15	95.86	
157	0	0	0	0	0	0	0.01	0.77	3.21	96.01	
158	0	0	0	0	0	0	0	0.74	3.08	96.18	
159	0	0	0	0	0	0	0	0.63	2.92	96.45	
160	0	0	0	0	0	0	0	0.59	2.84	96.57	
161	0	0	0	0	0	0	0	0.58	2.82	96.6	
162	0	0	0	0	0	0	0	0.53	2.86	96.61	
163	0	0	0	0	0	0	0	0.52	2.84	96.64	
164	0	0	0	0	0	0	0	0.54	2.89	96.57	
165	0	0	0	0	0	0	0	0.49	2.99	96.52	
166	0	0	0	0	0	0	0	0.48	2.89	96.63	
167	0	0	0	0	0	0	0	0.47	2.89	96.64	
168	0	0	0	0	0	0	0	0.5	2.81	96.69	
169	0	0	0	0	0	0	0	0.56	2.87	96.57	
170	0	0	0	0	0	0	0	0.57	2.82	96.61	
171	0	0	0	0	0	0	0	0.59	2.8	96.61	
172	0	0	0	0	0	0	0	0.59	2.77	96.64	
173	0	0	0	0	0	0	0	0.61	2.7	96.69	
174	0	0	0	0	0	0	0	0.58	2.81	96.61	
175	0	0	0	0	0	0	0	0.61	2.79	96.6	
176	0	0	0	0	0	0	0	0.64	2.8	96.56	
177	0	0	0	0	0	0	0	0.62	2.78	96.6	
178	0	0	0	0	0	0	0	0.64	2.78	96.58	
179	0	0	0	0	0	0	0	0.61	2.67	96.72	
180	0	0	0	0	0	0	0	0.5	2.44	97.06	
181	0	0	0	0	0	0	0	0.47	2.38	97.15	
182	0	0	0	0	0	0	0	0.43	2.39	97.18	
183	0	0	0	0	0	0	0	0.41	2.32	97.27	
184	0	0	0	0	0	0	0	0.42	2.35	97.23	
185	0	0	0	0	0	0	0	0.4	2.29	97.31	
186	0	0	0	0	0	0	0	0.44	2.26	97.3	
187	0	0	0	0	0	0	0	0.45	2.24	97.31	
188	0	0	0	0	0	0	0	0.47	2.26	97.27	
189	0	0	0	0	0	0	0	0.44	2.27	97.29	
190	0	0	0	0	0	0	0	0.42	2.3	97.28	
191	0	0	0	0	0	0	0	0.44	2.24	97.32	
192	0	0	0	0	0	0	0	0.47	2.26	97.27	
193	0	0	0	0	0	0	0	0.43	2.27	97.3	
194	0	0	0	0	0	0	0	0.41	2.33	97.26	
195	0	0	0	0	0	0	0	0.4	2.3	97.3	
196	0	0	0	0	0	0	0	0.44	2.3	97.26	
197	0	0	0	0	0	0	0	0.44	2.28	97.28	
198	0	0	0	0	0	0	0	0.47	2.23	97.3	
199	0	0	0	0	0	0	0	0.46	2.28	97.26	
200	0	0	0	0	0	0	0	0.44	2.32	97.24	
201	0	0	0	0	0	0	0	0.45	2.36	97.19	
202	0	0	0	0	0	0	0	0.42	2.41	97.17	
203	0	0	0	0	0	0	0	0.47	2.34	97.19	
204	0	0	0	0	0	0	0	0.46	2.23	97.31	
205	0	0	0	0	0	0	0	0.44	2.32	97.24	
206	0	0	0	0	0	0	0	0.43	2.28	97.29	
207	0	0	0	0	0	0	0	0.42	2.33	97.25	
208	0	0	0	0	0	0	0	0.47	2.31	97.22	
209	0	0	0	0	0	0	0	0.44	2.36	97.2	
210	0	0	0	0	0	0	0	0.43	2.3	97.27	
211	0	0	0	0	0	0	0	0.46	2.32	97.22	
212	0	0	0	0	0	0	0	0.45	2.31	97.24	
213	0	0	0	0	0	0	0	0.45	2.36	97.19	
214	0	0	0	0	0	0	0	0.42	2.36	97.22	
215	0	0	0	0	0	0	0	0.42	2.4	97.18	
216	0	0	0	0	0	0	0	0.36	2.34	97.3	
217	0	0	0	0	0	0	0	0.35	2.28	97.37	
218	0	0	0	0	0	0	0	0.35	2.31	97.34	
219	0	0	0	0	0	0	0	0.31	2.33	97.36	
220	0	0	0	0	0	0	0	0.29	2.39	97.32	
221	0	0	0	0	0	0	0	0.28	2.39	97.33	
222	0	0	0	0	0	0	0	0.25	2.33	97.42	
223	0	0	0	0	0	0	0	0.25	2.35	97.4	
224	0	0	0	0	0	0	0	0.26	2.32	97.42	
225	0	0	0	0	0	0	0	0.22	2.39	97.39	
226	0	0	0	0	0	0	0	0.19	2.33	97.48	
227	0	0	0	0	0	0	0	0.18	2.31	97.51	
228	0	0	0	0	0	0	0	0.16	2.3	97.54	
229	0	0	0	0	0	0	0	0.16	2.31	97.53	
230	0	0	0	0	0	0	0	0.2	2.32	97.48	
231	0	0	0	0	0	0	0	0.2	2.3	97.5	
232	0	0	0	0	0	0	0	0.2	2.26	97.54	
233	0	0	0	0	0	0	0	0.19	2.19	97.62	
234	0	0	0	0	0	0	0	0.19	2.25	97.56	
235	0	0	0	0	0	0	0	0.19	2.28	97.53	
236	0	0	0	0	0	0	0	0.19	2.27	97.54	
237	0	0	0	0	0	0	0	0.19	2.18	97.63	
238	0	0	0	0	0	0	0	0.19	2.27	97.54	
239	0	0	0	0	0	0	0	0.18	2.33	97.49	
240	0	0	0	0	0	0	0	0.13	2.24	97.63	
241	0	0	0	0	0	0	0	0.13	2.3	97.57	
242	0	0	0	0	0	0	0	0.12	2.29	97.59	
243	0	0	0	0	0	0	0	0.16	2.3	97.54	
244	0	0	0	0	0	0	0	0.16	2.25	97.59	
245	0	0	0	0	0	0	0	0.15	2.3	97.55	
246	0	0	0	0	0	0	0	0.15	2.31	97.54	
247	0	0	0	0	0	0	0	0.16	2.27	97.57	
248	0	0	0	0	0	0	0	0.15	2.25	97.6	
249	0	0	0	0	0	0	0	0.16	2.23	97.61	
250	0	0	0	0	0	0	0	0.16	2.25	97.59	
251	0	0	0	0	0	0	0	0.17	2.25	97.58	
252	0	0	0	0	0	0	0	0.17	2.2	97.63	
253	0	0	0	0	0	0	0	0.18	2.21	97.61	
254	0	0	0	0	0	0	0	0.18	2.18	97.64	
255	0	0	0	0	0	0	0	0.16	2.27	97.57	
256	0	0	0	0	0	0	0	0.15	2.25	97.6	
257	0	0	0	0	0	0	0	0.15	2.2	97.65	
258	0	0	0	0	0	0	0	0.14	2.22	97.64	
259	0	0	0	0	0	0	0	0.13	2.24	97.63	
260	0	0	0	0	0	0	0	0.12	2.29	97.59	
261	0	0	0	0	0	0	0	0.12	2.22	97.66	
262	0	0	0	0	0	0	0	0.13	2.2	97.67	
263	0	0	0	0	0	0	0	0.12	2.19	97.69	
264	0	0	0	0	0	0	0	0.13	2.18	97.69	
265	0	0	0	0	0	0	0	0.13	2.18	97.69	
266	0	0	0	0	0	0	0	0.16	2.22	97.62	
267	0	0	0	0	0	0	0	0.12	2.18	97.7	
268	0	0	0	0	0	0	0	0.12	2.1	97.78	
269	0	0	0	0	0	0	0	0.16	2.12	97.72	
270	0	0	0	0	0	0	0	0.13	2.13	97.74	
271	0	0	0	0	0	0	0	0.15	2.11	97.74	
272	0	0	0	0	0	0	0	0.15	2.17	97.68	
273	0	0	0	0	0	0	0	0.14	2.15	97.71	
274	0	0	0	0	0	0	0	0.13	2.2	97.67	
275	0	0	0	0	0	0	0	0.13	2.14	97.73	
276	0	0	0	0	0	0	0	0.11	2.09	97.8	
277	0	0	0	0	0	0	0	0.12	2.12	97.76	
278	0	0	0	0	0	0	0	0.11	2.17	97.72	
279	0	0	0	0	0	0	0	0.08	2.2	97.72	
280	0	0	0	0	0	0	0	0.09	2.22	97.69	
281	0	0	0	0	0	0	0	0.14	2.16	97.7	
282	0	0	0	0	0	0	0	0.15	2.14	97.71	
283	0	0	0	0	0	0	0	0.16	2.14	97.7	
284	0	0	0	0	0	0	0	0.15	2.13	97.72	
285	0	0	0	0	0	0	0	0.17	2.12	97.71	
286	0	0	0	0	0	0	0	0.14	2.19	97.67	
287	0	0	0	0	0	0	0	0.12	2.17	97.71	
288	0	0	0	0	0	0	0	0.14	2.17	97.69	
289	0	0	0	0	0	0	0	0.16	2.14	97.7	
290	0	0	0	0	0	0	0	0.16	2.13	97.71	
291	0	0	0	0	0	0	0	0.17	2.06	97.77	
292	0	0	0	0	0	0	0	0.17	2.17	97.66	
293	0	0	0	0	0	0	0	0.16	2.17	97.67	
294	0	0	0	0	0	0	0	0.19	2.1	97.71	
295	0	0	0	0	0	0	0	0.21	2.08	97.71	
296	0	0	0	0	0	0	0	0.19	2.14	97.67	
297	0	0	0	0	0	0	0	0.19	2.2	97.61	
298	0	0	0	0	0	0	0	0.16	2.16	97.68	
299	0	0	0	0	0	0	0	0.19	2.09	97.72	
300	0	0	0	0	0	0	0	0.18	2.14	97.68	
301	0	0	0	0	0	0	0	0.19	2.15	97.66	
302	0	0	0	0	0	0	0	0.17	2.18	97.65	
303	0	0	0	0	0	0	0	0.2	2.16	97.64	
304	0	0	0	0	0	0	0	0.18	2.13	97.69	
305	0	0	0	0	0	0	0	0.19	2.12	97.69	
306	0	0	0	0	0	0	0	0.15	2.18	97.67	
307	0	0	0	0	0	0	0	0.14	2.12	97.74	
308	0	0	0	0	0	0	0	0.13	2.19	97.68	
309	0	0	0	0	0	0	0	0.13	2.2	97.67	
310	0	0	0	0	0	0	0	0.13	1.85	98.02	
311	0	0	0	0	0	0	0	0.13	1.68	98.19	
312	0	0	0	0	0	0	0	0.16	1.59	98.25	
313	0	0	0	0	0	0	0	0.18	1.64	98.18	
314	0	0	0	0	0	0	0	0.19	1.57	98.24	
315	0	0	0	0	0	0	0	0.22	1.54	98.24	
316	0	0	0	0	0	0	0	0.23	1.55	98.22	
317	0	0	0	0	0	0	0	0.24	1.6	98.16	
318	0	0	0	0	0	0	0	0.22	1.53	98.25	
319	0	0	0	0	0	0	0	0.18	1.58	98.24	
320	0	0	0	0	0	0	0	0.17	1.6	98.23	
321	0	0	0	0	0	0	0	0.19	1.6	98.21	
322	0	0	0	0	0	0	0	0.16	1.55	98.29	
323	0	0	0	0	0	0	0	0.17	1.59	98.24	
324	0	0	0	0	0	0	0	0.16	1.58	98.26	
325	0	0	0	0	0	0	0	0.13	1.61	98.26	
326	0	0	0	0	0	0	0	0.11	1.56	98.33	
327	0	0	0	0	0	0	0	0.12	1.55	98.33	
328	0	0	0	0	0	0	0	0.11	1.61	98.28	
329	0	0	0	0	0	0	0	0.11	1.6	98.29	
330	0	0	0	0	0	0	0	0.12	1.61	98.27	
331	0	0	0	0	0	0	0	0.14	1.57	98.29	
332	0	0	0	0	0	0	0	0.18	1.57	98.25	
333	0	0	0	0	0	0	0	0.15	1.57	98.28	
334	0	0	0	0	0	0	0	0.12	1.6	98.28	
335	0	0	0	0	0	0	0	0.14	1.58	98.28	
336	0	0	0	0	0	0	0	0.13	1.65	98.22	
337	0	0	0	0	0	0	0	0.16	1.58	98.26	
338	0	0	0	0	0	0	0	0.12	1.66	98.22	
339	0	0	0	0	0	0	0	0.11	1.58	98.31	
340	0	0	0	0	0	0	0	0.11	1.1	98.79	
341	0	0	0	0	0	0	0	0.11	1.05	98.84	
342	0	0	0	0	0	0	0	0.12	1.06	98.82	
343	0	0	0	0	0	0	0	0.15	1.08	98.77	
344	0	0	0	0	0	0	0	0.16	1.1	98.74	
345	0	0	0	0	0	0	0	0.19	1.09	98.72	
346	0	0	0	0	0	0	0	0.19	1.08	98.73	
347	0	0	0	0	0	0	0	0.19	1.06	98.75	
348	0	0	0	0	0	0	0	0.18	1.09	98.73	
349	0	0	0	0	0	0	0	0.18	1.07	98.75	
350	0	0	0	0	0	0	0	0.18	1.08	98.74	
351	0	0	0	0	0	0	0	0.19	1.14	98.67	
352	0	0	0	0	0	0	0	0.2	1.1	98.7	
353	0	0	0	0	0	0	0	0.21	1.13	98.66	
354	0	0	0	0	0	0	0	0.21	1.11	98.68	
355	0	0	0	0	0	0	0	0.22	1.1	98.68	
356	0	0	0	0	0	0	0	0.23	1.09	98.68	
357	0	0	0	0	0	0	0	0.24	1.12	98.64	
358	0	0	0	0	0	0	0	0.25	1.13	98.62	
359	0	0	0	0	0	0	0	0.32	1.09	98.59	
360	0	0	0	0	0	0	0	0.3	0.8	98.9	
361	0	0	0	0	0	0	0	0.32	0.64	99.04	
362	0	0	0	0	0	0	0	0.31	0.64	99.05	
363	0	0	0	0	0	0	0	0.3	0.68	99.02	
364	0	0	0	0	0	0	0	0.33	0.68	98.99	
365	0	0	0	0	0	0	0	0.32	0.71	98.97	
366	0	0	0	0	0	0	0	0.29	0.75	98.96	
367	0	0	0	0	0	0	0	0.26	0.79	98.95	
368	0	0	0	0	0	0	0	0.21	0.84	98.95	
369	0	0	0	0	0	0	0	0.22	0.87	98.91	
370	0	0	0	0	0	0	0	0.24	0.95	98.81	
371	0	0	0	0	0	0	0	0.23	1.04	98.73	
372	0	0	0	0	0	0	0	0.2	1.06	98.74	
373	0	0	0	0	0	0	0	0.2	1.05	98.75	
374	0	0	0	0	0	0	0	0.19	1.09	98.72	
375	0	0	0	0	0	0	0	0.19	1.06	98.75	
376	0	0	0	0	0	0	0	0.17	1.03	98.8	
377	0	0	0	0	0	0	0	0.12	1.07	98.81	
378	0	0	0	0	0	0	0	0.1	1.14	98.76	
379	0	0	0	0	0	0	0	0.09	1.12	98.79	
380	0	0	0	0	0	0	0	0.08	1.14	98.78	
381	0	0	0	0	0	0	0	0.07	1.09	98.84	
382	0	0	0	0	0	0	0	0.08	1.08	98.84	
383	0	0	0	0	0	0	0	0.08	1.05	98.87	
384	0	0	0	0	0	0	0	0.06	1.1	98.84	
385	0	0	0	0	0	0	0	0.03	1.14	98.83	
386	0	0	0	0	0	0	0	0.02	1.09	98.89	
387	0	0	0	0	0	0	0	0.01	1.16	98.83	
388	0	0	0	0	0	0	0	0.01	1.14	98.85	
389	0	0	0	0	0	0	0	0.01	1.13	98.86	
390	0	0	0	0	0	0	0	0	1.1	98.9	
391	0	0	0	0	0	0	0	0	1.1	98.9	
392	0	0	0	0	0	0	0	0	1.07	98.93	
393	0	0	0	0	0	0	0	0	1.06	98.94	
394	0	0	0	0	0	0	0	0	1.07	98.93	
395	0	0	0	0	0	0	0	0	1.08	98.92	
396	0	0	0	0	0	0	0	0	0.9	99.1	
397	0	0	0	0	0	0	0	0	0.64	99.36	
398	0	0	0	0	0	0	0	0	0.57	99.43	
399	0	0	0	0	0	0	0	0	0.56	99.44	
400	0	0	0	0	0	0	0	0	0.55	99.45	
401	0	0	0	0	0	0	0	0	0.54	99.46	
402	0	0	0	0	0	0	0	0	0.55	99.45	
403	0	0	0	0	0	0	0	0	0.55	99.45	
404	0	0	0	0	0	0	0	0	0.54	99.46	
405	0	0	0	0	0	0	0	0	0.52	99.48	
406	0	0	0	0	0	0	0	0	0.53	99.47	
407	0	0	0	0	0	0	0	0	0.53	99.47	
408	0	0	0	0	0	0	0	0	0.53	99.47	
409	0	0	0	0	0	0	0	0	0.53	99.47	
410	0	0	0	0	0	0	0	0	0.56	99.44	
411	0	0	0	0	0	0	0	0	0.56	99.44	
412	0	0	0	0	0	0	0	0	0.56	99.44	
413	0	0	0	0	0	0	0	0	0.55	99.45	
414	0	0	0	0	0	0	0	0	0.54	99.46	
415	0	0	0	0	0	0	0	0	0.55	99.45	
416	0	0	0	0	0	0	0	0	0.53	99.47	
417	0	0	0	0	0	0	0	0	0.54	99.46	
418	0	0	0	0	0	0	0	0	0.56	99.44	
419	0	0	0	0	0	0	0	0	0.55	99.45	
420	0	0	0	0	0	0	0	0	0.53	99.47	
421	0	0	0	0	0	0	0	0	0.56	99.44	
422	0	0	0	0	0	0	0	0	0.55	99.45	
423	0	0	0	0	0	0	0	0	0.54	99.46	
424	0	0	0	0	0	0	0	0	0.53	99.47	
425	0	0	0	0	0	0	0	0	0.52	99.48	
426	0	0	0	0	0	0	0	0	0.53	99.47	
427	0	0	0	0	0	0	0	0	0.52	99.48	
428	0	0	0	0	0	0	0	0	0.53	99.47	
429	0	0	0	0	0	0	0	0	0.54	99.46	
430	0	0	0	0	0	0	0	0	0.55	99.45	
431	0	0	0	0	0	0	0	0	0.52	99.48	
432	0	0	0	0	0	0	0	0	0.54	99.46	
433	0	0	0	0	0	0	0	0	0.53	99.47	
434	0	0	0	0	0	0	0	0	0.53	99.47	
435	0	0	0	0	0	0	0	0	0.53	99.47	
436	0	0	0	0	0	0	0	0	0.56	99.44	
437	0	0	0	0	0	0	0	0	0.53	99.47	
438	0	0	0	0	0	0	0	0	0.53	99.47	
439	0	0	0	0	0	0	0	0	0.56	99.44	
440	0	0	0	0	0	0	0	0	0.53	99.47	
441	0	0	0	0	0	0	0	0	0.55	99.45	
442	0	0	0	0	0	0	0	0	0.55	99.45	
443	0	0	0	0	0	0	0	0	0.54	99.46	
444	0	0	0	0	0	0	0	0	0.55	99.45	
445	0	0	0	0	0	0	0	0	0.54	99.46	
446	0	0	0	0	0	0	0	0	0.54	99.46	
447	0	0	0	0	0	0	0	0	0.55	99.45	
448	0	0	0	0	0	0	0	0	0.55	99.45	
449	0	0	0	0	0	0	0	0	0.55	99.45	
450	0	0	0	0	0	0	0	0	0.54	99.46	
451	0	0	0	0	0	0	0	0	0.55	99.45	
452	0	0	0	0	0	0	0	0	0.56	99.44	
453	0	0	0	0	0	0	0	0	0.54	99.46	
454	0	0	0	0	0	0	0	0	0.56	99.44	
455	0	0	0	0	0	0	0	0	0.54	99.46	
456	0	0	0	0	0	0	0	0	0.56	99.44	
457	0	0	0	0	0	0	0	0	0.56	99.44	
458	0	0	0	0	0	0	0	0	0.54	99.46	
459	0	0	0	0	0	0	0	0	0.55	99.45	
460	0	0	0	0	0	0	0	0	0.54	99.46	
461	0	0	0	0	0	0	0	0	0.57	99.43	
462	0	0	0	0	0	0	0	0	0.55	99.45	
463	0	0	0	0	0	0	0	0	0.55	99.45	
464	0	0	0	0	0	0	0	0	0.55	99.45	
465	0	0	0	0	0	0	0	0	0.54	99.46	
466	0	0	0	0	0	0	0	0	0.54	99.46	
467	0	0	0	0	0	0	0	0	0.54	99.46	
468	0	0	0	0	0	0	0	0	0.54	99.46	
469	0	0	0	0	0	0	0	0	0.54	99.46	
470	0	0	0	0	0	0	0	0	0.53	99.47	
471	0	0	0	0	0	0	0	0	0.54	99.46	
472	0	0	0	0	0	0	0	0	0.54	99.46	
473	0	0	0	0	0	0	0	0	0.53	99.47	
474	0	0	0	0	0	0	0	0	0.54	99.46	
475	0	0	0	0	0	0	0	0	0.53	99.47	
476	0	0	0	0	0	0	0	0	0.56	99.44	
477	0	0	0	0	0	0	0	0	0.53	99.47	
478	0	0	0	0	0	0	0	0	0.54	99.46	
479	0	0	0	0	0	0	0	0	0.54	99.46	
480	0	0	0	0	0	0	0	0	0.54	99.46	
481	0	0	0	0	0	0	0	0	0.54	99.46	
482	0	0	0	0	0	0	0	0	0.55	99.45	
483	0	0	0	0	0	0	0	0	0.56	99.44	
484	0	0	0	0	0	0	0	0	0.55	99.45	
485	0	0	0	0	0	0	0	0	0.52	99.48	
486	0	0	0	0	0	0	0	0	0.54	99.46	
487	0	0	0	0	0	0	0	0	0.54	99.46	
488	0	0	0	0	0	0	0	0	0.52	99.48	
489	0	0	0	0	0	0	0	0	0.53	99.47	
490	0	0	0	0	0	0	0	0	0.54	99.46	
491	0	0	0	0	0	0	0	0	0.55	99.45	
492	0	0	0	0	0	0	0	0	0.52	99.48	
493	0	0	0	0	0	0	0	0	0.53	99.47	
494	0	0	0	0	0	0	0	0	0.55	99.45	
495	0	0	0	0	0	0	0	0	0.54	99.46	
496	0	0	0	0	0	0	0	0	0.55	99.45	
497	0	0	0	0	0	0	0	0	0.54	99.46	
498	0	0	0	0	0	0	0	0	0.54	99.46	
499	0	0	0	0	0	0	0	0	0.55	99.45	
500	0	0	0	0	0	0	0	0	0.54	99.46	
501	0	0	0	0	0	0	0	0	0.55	99.45	
502	0	0	0	0	0	0	0	0	0.57	99.43	
503	0	0	0	0	0	0	0	0	0.54	99.46	
504	0	0	0	0	0	0	0	0	0.55	99.45	
505	0	0	0	0	0	0	0	0	0.54	99.46	
506	0	0	0	0	0	0	0	0	0.54	99.46	
507	0	0	0	0	0	0	0	0	0.54	99.46	
508	0	0	0	0	0	0	0	0	0.53	99.47	
509	0	0	0	0	0	0	0	0	0.54	99.46	
510	0	0	0	0	0	0	0	0	0.55	99.45	
511	0	0	0	0	0	0	0	0	0.55	99.45	
512	0	0	0	0	0	0	0	0	0.56	99.44	
513	0	0	0	0	0	0	0	0	0.54	99.46	
514	0	0	0	0	0	0	0	0	0.55	99.45	
515	0	0	0	0	0	0	0	0	0.55	99.45	
516	0	0	0	0	0	0	0	0	0.55	99.45	
517	0	0	0	0	0	0	0	0	0.53	99.47	
518	0	0	0	0	0	0	0	0	0.54	99.46	
519	0	0	0	0	0	0	0	0	0.54	99.46	
520	0	0	0	0	0	0	0	0	0.54	99.46	
521	0	0	0	0	0	0	0	0	0.55	99.45	
522	0	0	0	0	0	0	0	0	0.56	99.44	
523	0	0	0	0	0	0	0	0	0.56	99.44	
524	0	0	0	0	0	0	0	0	0.56	99.44	
525	0	0	0	0	0	0	0	0	0.55	99.45	
526	0	0	0	0	0	0	0	0	0.55	99.45	
527	0	0	0	0	0	0	0	0	0.53	99.47	
528	0	0	0	0	0	0	0	0	0.54	99.46	
529	0	0	0	0	0	0	0	0	0.54	99.46	
530	0	0	0	0	0	0	0	0	0.55	99.45	
531	0	0	0	0	0	0	0	0	0.53	99.47	
532	0	0	0	0	0	0	0	0	0.54	99.46	
533	0	0	0	0	0	0	0	0	0.56	99.44	
534	0	0	0	0	0	0	0	0	0.55	99.45	
535	0	0	0	0	0	0	0	0	0.55	99.45	
536	0	0	0	0	0	0	0	0	0.53	99.47	
537	0	0	0	0	0	0	0	0	0.54	99.46	
538	0	0	0	0	0	0	0	0	0.57	99.43	
539	0	0	0	0	0	0	0	0	0.57	99.43	
540	0	0	0	0	0	0	0	0	0.54	99.46	
541	0	0	0	0	0	0	0	0	0.53	99.47	
542	0	0	0	0	0	0	0	0	0.55	99.45	
543	0	0	0	0	0	0	0	0	0.56	99.44	
544	0	0	0	0	0	0	0	0	0.54	99.46	
545	0	0	0	0	0	0	0	0	0.56	99.44	
546	0	0	0	0	0	0	0	0	0.55	99.45	
547	0	0	0	0	0	0	0	0	0.56	99.44	
548	0	0	0	0	0	0	0	0	0.54	99.46	
549	0	0	0	0	0	0	0	0	0.54	99.46	
550	0	0	0	0	0	0	0	0	0.53	99.47	
551	0	0	0	0	0	0	0	0	0.53	99.47	
552	0	0	0	0	0	0	0	0	0.54	99.46	
553	0	0	0	0	0	0	0	0	0.55	99.45	
554	0	0	0	0	0	0	0	0	0.56	99.44	
555	0	0	0	0	0	0	0	0	0.54	99.46	
556	0	0	0	0	0	0	0	0	0.56	99.44	
557	0	0	0	0	0	0	0	0	0.57	99.43	
558	0	0	0	0	0	0	0	0	0.55	99.45	
559	0	0	0	0	0	0	0	0	0.53	99.47	
560	0	0	0	0	0	0	0	0	0.53	99.47	
561	0	0	0	0	0	0	0	0	0.53	99.47	
562	0	0	0	0	0	0	0	0	0.55	99.45	
563	0	0	0	0	0	0	0	0	0.54	99.46	
564	0	0	0	0	0	0	0	0	0.54	99.46	
565	0	0	0	0	0	0	0	0	0.55	99.45	
566	0	0	0	0	0	0	0	0	0.56	99.44	
567	0	0	0	0	0	0	0	0	0.53	99.47	
568	0	0	0	0	0	0	0	0	0.55	99.45	
569	0	0	0	0	0	0	0	0	0.54	99.46	
570	0	0	0	0	0	0	0	0	0.53	99.47	
571	0	0	0	0	0	0	0	0	0.52	99.48	
572	0	0	0	0	0	0	0	0	0.54	99.46	
573	0	0	0	0	0	0	0	0	0.55	99.45	
574	0	0	0	0	0	0	0	0	0.58	99.42	
575	0	0	0	0	0	0	0	0	0.55	99.45	
576	0	0	0	0	0	0	0	0	0.53	99.47	
577	0	0	0	0	0	0	0	0	0.54	99.46	
578	0	0	0	0	0	0	0	0	0.52	99.48	
579	0	0	0	0	0	0	0	0	0.53	99.47	
580	0	0	0	0	0	0	0	0	0.54	99.46	
581	0	0	0	0	0	0	0	0	0.53	99.47	
582	0	0	0	0	0	0	0	0	0.54	99.46	
583	0	0	0	0	0	0	0	0	0.56	99.44	
584	0	0	0	0	0	0	0	0	0.54	99.46	
585	0	0	0	0	0	0	0	0	0.52	99.48	
586	0	0	0	0	0	0	0	0	0.53	99.47	
587	0	0	0	0	0	0	0	0	0.55	99.45	
588	0	0	0	0	0	0	0	0	0.54	99.46	
589	0	0	0	0	0	0	0	0	0.55	99.45	
590	0	0	0	0	0	0	0	0	0.54	99.46	
591	0	0	0	0	0	0	0	0	0.55	99.45	
592	0	0	0	0	0	0	0	0	0.54	99.46	
593	0	0	0	0	0	0	0	0	0.55	99.45	
594	0	0	0	0	0	0	0	0	0.54	99.46	
595	0	0	0	0	0	0	0	0	0.55	99.45	
596	0	0	0	0	0	0	0	0	0.57	99.43	
597	0	0	0	0	0	0	0	0	0.55	99.45	
598	0	0	0	0	0	0	0	0	0.56	99.44	
599	0	0	0	0	0	0	0	0	0.57	99.43	
600	0	0	0	0	0	0	0	0	0.57	99.43	
601	0	0	0	0	0	0	0	0	0.53	99.47	
602	0	0	0	0	0	0	0	0	0.55	99.45	
603	0	0	0	0	0	0	0	0	0.52	99.48	
604	0	0	0	0	0	0	0	0	0.54	99.46	
605	0	0	0	0	0	0	0	0	0.52	99.48	
606	0	0	0	0	0	0	0	0	0.54	99.46	
607	0	0	0	0	0	0	0	0	0.52	99.48	
608	0	0	0	0	0	0	0	0	0.54	99.46	
609	0	0	0	0	0	0	0	0	0.53	99.47	
610	0	0	0	0	0	0	0	0	0.53	99.47	
611	0	0	0	0	0	0	0	0	0.53	99.47	
612	0	0	0	0	0	0	0	0	0.55	99.45	
613	0	0	0	0	0	0	0	0	0.54	99.46	
614	0	0	0	0	0	0	0	0	0.53	99.47	
615	0	0	0	0	0	0	0	0	0.54	99.46	
616	0	0	0	0	0	0	0	0	0.52	99.48	
617	0	0	0	0	0	0	0	0	0.54	99.46	
618	0	0	0	0	0	0	0	0	0.59	99.41	
619	0	0	0	0	0	0	0	0	0.54	99.46	
620	0	0	0	0	0	0	0	0	0.57	99.43	
621	0	0	0	0	0	0	0	0	0.55	99.45	
622	0	0	0	0	0	0	0	0	0.55	99.45	
623	0	0	0	0	0	0	0	0	0.56	99.44	
624	0	0	0	0	0	0	0	0	0.54	99.46	
625	0	0	0	0	0	0	0	0	0.58	99.42	
626	0	0	0	0	0	0	0	0	0.56	99.44	
627	0	0	0	0	0	0	0	0	0.55	99.45	
628	0	0	0	0	0	0	0	0	0.54	99.46	
629	0	0	0	0	0	0	0	0	0.55	99.45	
630	0	0	0	0	0	0	0	0	0.55	99.45	
631	0	0	0	0	0	0	0	0	0.53	99.47	
632	0	0	0	0	0	0	0	0	0.54	99.46	
633	0	0	0	0	0	0	0	0	0.55	99.45	
634	0	0	0	0	0	0	0	0	0.55	99.45	
635	0	0	0	0	0	0	0	0	0.53	99.47	
636	0	0	0	0	0	0	0	0	0.55	99.45	
637	0	0	0	0	0	0	0	0	0.55	99.45	
638	0	0	0	0	0	0	0	0	0.54	99.46	
639	0	0	0	0	0	0	0	0	0.55	99.45	
640	0	0	0	0	0	0	0	0	0.54	99.46	
641	0	0	0	0	0	0	0	0	0.53	99.47	
642	0	0	0	0	0	0	0	0	0.54	99.46	
643	0	0	0	0	0	0	0	0	0.55	99.45	
644	0	0	0	0	0	0	0	0	0.54	99.46	
645	0	0	0	0	0	0	0	0	0.54	99.46	
646	0	0	0	0	0	0	0	0	0.54	99.46	
647	0	0	0	0	0	0	0	0	0.54	99.46	
648	0	0	0	0	0	0	0	0	0.55	99.45	
649	0	0	0	0	0	0	0	0	0.57	99.43	
650	0	0	0	0	0	0	0	0	0.54	99.46	
651	0	0	0	0	0	0	0	0	0.53	99.47	
652	0	0	0	0	0	0	0	0	0.55	99.45	
653	0	0	0	0	0	0	0	0	0.53	99.47	
654	0	0	0	0	0	0	0	0	0.54	99.46	
655	0	0	0	0	0	0	0	0	0.55	99.45	
656	0	0	0	0	0	0	0	0	0.59	99.41	
657	0	0	0	0	0	0	0	0	0.56	99.44	
658	0	0	0	0	0	0	0	0	0.54	99.46	
659	0	0	0	0	0	0	0	0	0.53	99.47	
660	0	0	0	0	0	0	0	0	0.52	99.48	
661	0	0	0	0	0	0	0	0	0.54	99.46	
662	0	0	0	0	0	0	0	0	0.56	99.44	
663	0	0	0	0	0	0	0	0	0.57	99.43	
664	0	0	0	0	0	0	0	0	0.56	99.44	
665	0	0	0	0	0	0	0	0	0.55	99.45	
666	0	0	0	0	0	0	0	0	0.52	99.48	
667	0	0	0	0	0	0	0	0	0.55	99.45	
668	0	0	0	0	0	0	0	0	0.56	99.44	
669	0	0	0	0	0	0	0	0	0.54	99.46	
670	0	0	0	0	0	0	0	0	0.55	99.45	
671	0	0	0	0	0	0	0	0	0.54	99.46	
672	0	0	0	0	0	0	0	0	0.54	99.46	
673	0	0	0	0	0	0	0	0	0.52	99.48	
674	0	0	0	0	0	0	0	0	0.53	99.47	
675	0	0	0	0	0	0	0	0	0.55	99.45	
676	0	0	0	0	0	0	0	0	0.55	99.45	
677	0	0	0	0	0	0	0	0	0.57	99.43	
678	0	0	0	0	0	0	0	0	0.57	99.43	
679	0	0	0	0	0	0	0	0	0.53	99.47	
680	0	0	0	0	0	0	0	0	0.53	99.47	
681	0	0	0	0	0	0	0	0	0.53	99.47	
682	0	0	0	0	0	0	0	0	0.55	99.45	
683	0	0	0	0	0	0	0	0	0.55	99.45	
684	0	0	0	0	0	0	0	0	0.54	99.46	
685	0	0	0	0	0	0	0	0	0.55	99.45	
686	0	0	0	0	0	0	0	0	0.54	99.46	
687	0	0	0	0	0	0	0	0	0.55	99.45	
688	0	0	0	0	0	0	0	0	0.53	99.47	
689	0	0	0	0	0	0	0	0	0.53	99.47	
690	0	0	0	0	0	0	0	0	0.53	99.47	
691	0	0	0	0	0	0	0	0	0.54	99.46	
692	0	0	0	0	0	0	0	0	0.54	99.46	
693	0	0	0	0	0	0	0	0	0.53	99.47	
694	0	0	0	0	0	0	0	0	0.54	99.46	
695	0	0	0	0	0	0	0	0	0.53	99.47	
696	0	0	0	0	0	0	0	0	0.54	99.46	
697	0	0	0	0	0	0	0	0	0.56	99.44	
698	0	0	0	0	0	0	0	0	0.55	99.45	
699	0	0	0	0	0	0	0	0	0.53	99.47	
700	0	0	0	0	0	0	0	0	0.55	99.45	
701	0	0	0	0	0	0	0	0	0.54	99.46	
702	0	0	0	0	0	0	0	0	0.55	99.45	
703	0	0	0	0	0	0	0	0	0.55	99.45	
704	0	0	0	0	0	0	0	0	0.54	99.46	
705	0	0	0	0	0	0	0	0	0.51	99.49	
706	0	0	0	0	0	0	0	0	0.21	99.79	
707	0	0	0	0	0	0	0	0	0.07	99.93	
708	0	0	0	0	0	0	0	0	0.05	99.95	
709	0	0	0	0	0	0	0	0	0.03	99.97	
710	0	0	0	0	0	0	0	0	0.01	99.99	
711	0	0	0	0	0	0	0	0	0	100	
