Time	Displacement	BinCount	Variance	Velocity	Label
0	0	1	0	0	496398819188463
1	0.1	9	0.640312	0.1	496398819188463
2	0.22	10	0.775629	0.12	496398819188463
3	0.36	10	0.922171	0.14	496398819188463
4	0.58	10	1.3541	0.22	496398819188463
5	0.72	10	1.42534	0.14	496398819188463
6	0.89	10	1.58364	0.17	496398819188463
7	1.4	10	2.28692	0.51	496398819188463
8	1.58	10	2.37563	0.18	496398819188463
9	2.12	10	2.82588	0.54	496398819188463
10	2.42	10	2.96877	0.3	496398819188463
11	2.9	10	3.20156	0.48	496398819188463
12	3.17	10	3.21576	0.27	496398819188463
13	3.53	10	3.37774	0.36	496398819188463
14	3.92	10	3.48333	0.39	496398819188463
15	4.15	10	3.50393	0.23	496398819188463
16	4.38	10	3.49079	0.23	496398819188463
17	4.65	10	3.5025	0.27	496398819188463
18	4.96	10	3.48546	0.31	496398819188463
19	5.18	10	3.48103	0.22	496398819188463
20	5.48	10	3.46693	0.3	496398819188463
21	5.67	10	3.42653	0.19	496398819188463
22	5.87	10	3.37537	0.2	496398819188463
23	6.09	10	3.30785	0.22	496398819188463
24	6.32	10	3.23382	0.23	496398819188463
25	6.45	10	3.1808	0.13	496398819188463
26	6.56	10	3.17276	0.11	496398819188463
27	6.73	10	3.05403	0.17	496398819188463
28	6.85	10	3.0459	0.12	496398819188463
29	6.98	10	3.00326	0.13	496398819188463
30	7.13	10	2.89708	0.15	496398819188463
31	7.2	10	2.87228	0.07	496398819188463
32	7.29	10	2.82593	0.09	496398819188463
33	7.39	10	2.77271	0.1	496398819188463
34	7.46	10	2.72551	0.07	496398819188463
35	7.52	10	2.70363	0.06	496398819188463
36	7.62	10	2.61067	0.1	496398819188463
37	7.69	10	2.55027	0.07	496398819188463
38	7.73	10	2.51935	0.04	496398819188463
39	7.8	10	2.45764	0.07	496398819188463
40	7.87	10	2.3923	0.07	496398819188463
41	7.95	10	2.3103	0.08	496398819188463
42	8.03	10	2.21339	0.08	496398819188463
43	8.13	10	2.0768	0.1	496398819188463
44	8.16	10	2.06262	0.03	496398819188463
45	8.17	10	2.06908	0.01	496398819188463
46	8.16	10	2.12236	-0.01	496398819188463
47	8.18	10	2.01186	0.02	496398819188463
48	8.17	10	2.05939	-0.01	496398819188463
49	8.2	10	2.05426	0.03	496398819188463
50	8.23	10	1.97411	0.03	496398819188463
51	8.26	10	1.88213	0.03	496398819188463
52	8.28	10	1.91092	0.02	496398819188463
53	8.35	10	1.78255	0.07	496398819188463
54	8.39	10	1.67866	0.04	496398819188463
55	8.42	10	1.598	0.03	496398819188463
56	8.44	10	1.66625	0.02	496398819188463
57	8.46	10	1.66084	0.02	496398819188463
58	8.49	10	1.57477	0.03	496398819188463
59	8.51	10	1.55881	0.02	496398819188463
60	8.52	10	1.60611	0.01	496398819188463
61	8.56	10	1.50213	0.04	496398819188463
62	8.57	10	1.51496	0.01	496398819188463
63	8.6	10	1.45258	0.03	496398819188463
64	8.64	10	1.3268	0.04	496398819188463
65	8.67	10	1.24944	0.03	496398819188463
66	8.66	10	1.33581	-0.01	496398819188463
67	8.68	10	1.31057	0.02	496398819188463
68	8.7	10	1.23693	0.02	496398819188463
69	8.7	10	1.28841	0	496398819188463
70	8.71	10	1.26329	0.01	496398819188463
71	8.73	10	1.18621	0.02	496398819188463
72	8.73	10	1.23171	0	496398819188463
73	8.74	10	1.23386	0.01	496398819188463
74	8.77	10	1.09868	0.03	496398819188463
75	8.76	10	1.22572	-0.01	496398819188463
76	8.77	10	1.17775	0.01	496398819188463
77	8.79	10	1.08439	0.02	496398819188463
78	8.79	10	1.10268	0	496398819188463
79	8.79	10	1.16872	0	496398819188463
80	8.81	10	1.01681	0.02	496398819188463
81	8.8	10	1.08628	-0.01	496398819188463
82	8.79	10	1.14713	-0.01	496398819188463
83	8.8	10	1.07238	0.01	496398819188463
84	8.8	10	1.09087	0	496398819188463
85	8.8	10	1.0583	0	496398819188463
86	8.79	10	1.17724	-0.01	496398819188463
87	8.81	10	1.03629	0.02	496398819188463
88	8.81	10	1.04111	0	496398819188463
89	8.83	10	0.922551	0.02	496398819188463
90	8.82	10	0.993781	-0.01	496398819188463
91	8.83	10	0.943981	0.01	496398819188463
92	8.82	10	1.06658	-0.01	496398819188463
93	8.82	10	1.04288	0	496398819188463
94	8.82	10	1.04766	0	496398819188463
95	8.8	10	1.2	-0.02	496398819188463
96	8.81	10	1.12867	0.01	496398819188463
97	8.81	10	1.12867	0	496398819188463
98	8.83	10	1.0301	0.02	496398819188463
99	8.82	10	1.08977	-0.01	496398819188463
100	8.85	10	0.88176	0.03	496398819188463
101	8.87	10	0.838511	0.02	496398819188463
102	8.86	10	0.916733	-0.01	496398819188463
103	8.85	10	0.983616	-0.01	496398819188463
104	8.86	10	0.969742	0.01	496398819188463
105	8.88	10	0.809691	0.02	496398819188463
106	8.89	8	0.77324	0.01	496398819188463
107	8.89	8	0.804922	0	496398819188463
108	8.9	9	0.678233	0.01	496398819188463
109	8.9	9	0.728011	0	496398819188463
110	8.91	9	0.576108	0.01	496398819188463
111	8.9	9	0.69282	-0.01	496398819188463
112	8.89	9	0.81111	-0.01	496398819188463
113	8.89	8	0.823347	0	496398819188463
114	8.88	8	0.851822	-0.01	496398819188463
115	8.88	8	0.851822	0	496398819188463
116	8.87	7	0.901721	-0.01	496398819188463
117	8.86	6	0.959375	-0.01	496398819188463
118	8.85	5	1.01366	-0.01	496398819188463
119	8.84	6	1.0837	-0.01	496398819188463
120	8.85	6	1.04762	0.01	496398819188463
121	8.85	7	1.04762	0	496398819188463
122	8.84	8	1.15516	-0.01	496398819188463
123	8.85	8	1.1034	0.01	496398819188463
124	8.86	9	1.04422	0.01	496398819188463
125	8.86	9	1.07722	0	496398819188463
126	8.86	9	1.09563	0	496398819188463
127	8.86	9	1.10923	0	496398819188463
128	8.88	9	0.95163	0.02	496398819188463
129	8.89	9	0.870575	0.01	496398819188463
130	8.88	9	0.992774	-0.01	496398819188463
131	8.89	9	0.90989	0.01	496398819188463
132	8.9	9	0.8	0.01	496398819188463
133	8.89	9	0.920815	-0.01	496398819188463
134	8.89	9	0.931612	0	496398819188463
135	8.89	9	0.942284	0	496398819188463
136	8.89	9	0.926229	0	496398819188463
137	8.89	9	0.931612	0	496398819188463
138	8.89	9	0.926229	0	496398819188463
139	8.9	9	0.842615	0.01	496398819188463
140	8.89	9	0.920815	-0.01	496398819188463
141	8.9	9	0.842615	0.01	496398819188463
142	8.89	9	0.926229	-0.01	496398819188463
143	8.89	9	0.898833	0	496398819188463
144	8.88	8	0.97242	-0.01	496398819188463
145	8.89	8	0.920815	0.01	496398819188463
146	8.91	6	0.762824	0.02	496398819188463
147	8.9	6	0.894427	-0.01	496398819188463
148	8.92	6	0.680882	0.02	496398819188463
149	8.93	6	0.5245	0.01	496398819188463
150	8.92	5	0.695414	-0.01	496398819188463
151	8.93	5	0.570175	0.01	496398819188463
152	8.92	4	0.709648	-0.01	496398819188463
153	8.93	4	0.595903	0.01	496398819188463
154	8.93	4	0.620564	0	496398819188463
155	8.93	4	0.620564	0	496398819188463
156	8.93	4	0.612454	0	496398819188463
157	8.94	4	0.50636	0.01	496398819188463
158	8.94	3	0.553534	0	496398819188463
159	8.95	3	0.421307	0.01	496398819188463
160	8.95	3	0.455522	0	496398819188463
161	8.95	3	0.466369	0	496398819188463
162	8.94	3	0.637495	-0.01	496398819188463
163	8.94	3	0.637495	0	496398819188463
164	8.95	3	0.466369	0.01	496398819188463
165	8.94	3	0.637495	-0.01	496398819188463
166	8.95	3	0.48734	0.01	496398819188463
167	8.95	3	0.48734	0	496398819188463
168	8.95	3	0.48734	0	496398819188463
169	8.94	3	0.629603	-0.01	496398819188463
170	8.94	3	0.629603	0	496398819188463
171	8.95	3	0.466369	0.01	496398819188463
172	8.95	3	0.466369	0	496398819188463
173	8.95	3	0.466369	0	496398819188463
174	8.95	3	0.466369	0	496398819188463
175	8.95	3	0.455522	0	496398819188463
176	8.95	3	0.455522	0	496398819188463
177	8.95	3	0.455522	0	496398819188463
178	8.95	3	0.44441	0	496398819188463
179	8.95	3	0.47697	0	496398819188463
180	8.95	3	0.554527	0	496398819188463
181	8.96	3	0.397995	0.01	496398819188463
182	8.96	3	0.397995	0	496398819188463
183	8.95	3	0.597913	-0.01	496398819188463
184	8.95	3	0.589491	0	496398819188463
185	8.95	3	0.606218	0	496398819188463
186	8.96	3	0.422374	0.01	496398819188463
187	8.95	3	0.606218	-0.01	496398819188463
188	8.96	3	0.410366	0.01	496398819188463
189	8.96	3	0.422374	0	496398819188463
190	8.95	3	0.597913	-0.01	496398819188463
191	8.95	3	0.597913	0	496398819188463
192	8.96	3	0.410366	0.01	496398819188463
193	8.96	3	0.434051	0	496398819188463
194	8.95	3	0.606218	-0.01	496398819188463
195	8.95	3	0.606218	0	496398819188463
196	8.96	3	0.422374	0.01	496398819188463
197	8.96	3	0.410366	0	496398819188463
198	8.95	3	0.597913	-0.01	496398819188463
199	8.96	3	0.410366	0.01	496398819188463
200	8.96	3	0.410366	0	496398819188463
201	8.95	3	0.589491	-0.01	496398819188463
202	8.95	3	0.580948	0	496398819188463
203	8.95	3	0.580948	0	496398819188463
204	8.95	3	0.597913	0	496398819188463
205	8.96	3	0.410366	0.01	496398819188463
206	8.96	3	0.422374	0	496398819188463
207	8.95	3	0.597913	-0.01	496398819188463
208	8.95	3	0.580948	0	496398819188463
209	8.95	3	0.589491	0	496398819188463
210	8.96	3	0.422374	0.01	496398819188463
211	8.95	3	0.580948	-0.01	496398819188463
212	8.96	3	0.410366	0.01	496398819188463
213	8.95	3	0.589491	-0.01	496398819188463
214	8.94	3	0.725534	-0.01	496398819188463
215	8.95	3	0.580948	0.01	496398819188463
216	8.95	3	0.606218	0	496398819188463
217	8.96	3	0.445421	0.01	496398819188463
218	8.96	3	0.445421	0	496398819188463
219	8.96	3	0.467333	0	496398819188463
220	8.96	3	0.445421	0	496398819188463
221	8.95	3	0.61441	-0.01	496398819188463
222	8.95	3	0.646142	0	496398819188463
223	8.95	3	0.638357	0	496398819188463
224	8.95	3	0.638357	0	496398819188463
225	8.96	3	0.467333	0.01	496398819188463
226	8.96	3	0.498397	0	496398819188463
227	8.96	3	0.498397	0	496398819188463
228	8.96	3	0.508331	0	496398819188463
229	8.96	3	0.498397	0	496398819188463
230	8.96	3	0.488262	0	496398819188463
231	8.96	3	0.498397	0	496398819188463
232	8.96	3	0.498397	0	496398819188463
233	8.96	3	0.527636	0	496398819188463
234	8.97	3	0.298496	0.01	496398819188463
235	8.96	3	0.498397	-0.01	496398819188463
236	8.96	3	0.508331	0	496398819188463
237	8.96	3	0.527636	0	496398819188463
238	8.96	3	0.508331	0	496398819188463
239	8.96	3	0.498397	0	496398819188463
240	8.95	3	0.68374	-0.01	496398819188463
241	8.96	3	0.527636	0.01	496398819188463
242	8.96	3	0.518073	0	496398819188463
243	8.96	3	0.508331	0	496398819188463
244	8.97	3	0.298496	0.01	496398819188463
245	8.96	3	0.518073	-0.01	496398819188463
246	8.96	3	0.508331	0	496398819188463
247	8.97	3	0.298496	0.01	496398819188463
248	8.97	3	0.314802	0	496398819188463
249	8.96	3	0.518073	-0.01	496398819188463
250	8.97	3	0.298496	0.01	496398819188463
251	8.97	3	0.298496	0	496398819188463
252	8.96	3	0.527636	-0.01	496398819188463
253	8.96	3	0.518073	0	496398819188463
254	8.96	3	0.518073	0	496398819188463
255	8.97	3	0.298496	0.01	496398819188463
256	8.97	3	0.314802	0	496398819188463
257	8.96	3	0.527636	-0.01	496398819188463
258	8.95	3	0.676387	-0.01	496398819188463
259	8.95	3	0.68374	0	496398819188463
260	8.96	3	0.518073	0.01	496398819188463
261	8.95	3	0.68374	-0.01	496398819188463
262	8.96	3	0.537029	0.01	496398819188463
263	8.96	3	0.537029	0	496398819188463
264	8.96	3	0.537029	0	496398819188463
265	8.96	3	0.537029	0	496398819188463
266	8.96	3	0.527636	0	496398819188463
267	8.96	3	0.537029	0	496398819188463
268	8.96	3	0.555338	0	496398819188463
269	8.96	3	0.537029	0	496398819188463
270	8.96	3	0.54626	0	496398819188463
271	8.96	3	0.54626	0	496398819188463
272	8.97	3	0.330303	0.01	496398819188463
273	8.96	3	0.537029	-0.01	496398819188463
274	8.96	3	0.537029	0	496398819188463
275	8.96	3	0.54626	0	496398819188463
276	8.96	3	0.555338	0	496398819188463
277	8.95	3	0.691014	-0.01	496398819188463
278	8.96	3	0.54626	0.01	496398819188463
279	8.96	3	0.54626	0	496398819188463
280	8.96	3	0.54626	0	496398819188463
281	8.96	3	0.537029	0	496398819188463
282	8.97	3	0.330303	0.01	496398819188463
283	8.97	3	0.314802	0	496398819188463
284	8.97	3	0.345109	0	496398819188463
285	8.96	3	0.537029	-0.01	496398819188463
286	8.96	3	0.537029	0	496398819188463
287	8.96	3	0.537029	0	496398819188463
288	8.96	3	0.527636	0	496398819188463
289	8.97	3	0.314802	0.01	496398819188463
290	8.97	3	0.330303	0	496398819188463
291	8.96	3	0.54626	-0.01	496398819188463
292	8.96	3	0.527636	0	496398819188463
293	8.97	3	0.314802	0.01	496398819188463
294	8.96	3	0.537029	-0.01	496398819188463
295	8.96	3	0.537029	0	496398819188463
296	8.97	3	0.314802	0.01	496398819188463
297	8.96	3	0.518073	-0.01	496398819188463
298	8.97	3	0.330303	0.01	496398819188463
299	8.96	3	0.537029	-0.01	496398819188463
300	8.97	3	0.314802	0.01	496398819188463
301	8.96	3	0.527636	-0.01	496398819188463
302	8.96	3	0.527636	0	496398819188463
303	8.96	3	0.518073	0	496398819188463
304	8.97	3	0.314802	0.01	496398819188463
305	8.96	3	0.527636	-0.01	496398819188463
306	8.97	3	0.330303	0.01	496398819188463
307	8.95	3	0.68374	-0.02	496398819188463
308	8.96	3	0.54626	0.01	496398819188463
309	8.96	3	0.537029	0	496398819188463
310	8.96	3	0.590254	0	496398819188463
311	8.96	3	0.615142	0	496398819188463
312	8.97	3	0.446206	0.01	496398819188463
313	8.97	3	0.423202	0	496398819188463
314	8.97	3	0.446206	0	496398819188463
315	8.97	3	0.434856	0	496398819188463
316	8.96	3	0.60696	-0.01	496398819188463
317	8.96	3	0.590254	0	496398819188463
318	8.97	3	0.434856	0.01	496398819188463
319	8.97	3	0.446206	0	496398819188463
320	8.97	3	0.446206	0	496398819188463
321	8.96	3	0.615142	-0.01	496398819188463
322	8.97	3	0.457275	0.01	496398819188463
323	8.97	3	0.446206	0	496398819188463
324	8.97	3	0.457275	0	496398819188463
325	8.96	3	0.631189	-0.01	496398819188463
326	8.96	3	0.631189	0	496398819188463
327	8.96	3	0.631189	0	496398819188463
328	8.96	3	0.631189	0	496398819188463
329	8.96	3	0.631189	0	496398819188463
330	8.96	3	0.623217	0	496398819188463
331	8.96	3	0.623217	0	496398819188463
332	8.97	3	0.446206	0.01	496398819188463
333	8.97	3	0.457275	0	496398819188463
334	8.96	3	0.623217	-0.01	496398819188463
335	8.96	3	0.623217	0	496398819188463
336	8.96	3	0.615142	0	496398819188463
337	8.97	3	0.457275	0.01	496398819188463
338	8.96	3	0.615142	-0.01	496398819188463
339	8.96	3	0.639062	0	496398819188463
340	8.97	3	0.5469	0.01	496398819188463
341	8.97	3	0.564889	0	496398819188463
342	8.97	3	0.5469	0	496398819188463
343	8.97	3	0.5469	0	496398819188463
344	8.97	3	0.528299	0	496398819188463
345	8.97	3	0.528299	0	496398819188463
346	8.97	3	0.53768	0	496398819188463
347	8.97	3	0.528299	0	496398819188463
348	8.97	3	0.528299	0	496398819188463
349	8.97	3	0.528299	0	496398819188463
350	8.97	3	0.528299	0	496398819188463
351	8.98	3	0.299333	0.01	496398819188463
352	8.97	3	0.518748	-0.01	496398819188463
353	8.97	3	0.518748	0	496398819188463
354	8.97	3	0.528299	0	496398819188463
355	8.97	3	0.518748	0	496398819188463
356	8.97	3	0.518748	0	496398819188463
357	8.96	3	0.654523	-0.01	496398819188463
358	8.97	3	0.509019	0.01	496398819188463
359	8.97	3	0.478644	0	496398819188463
360	8.98	3	0.331059	0.01	496398819188463
361	8.98	3	0.36	0	496398819188463
362	8.98	3	0.373631	0	496398819188463
363	8.98	3	0.36	0	496398819188463
364	8.97	3	0.555968	-0.01	496398819188463
365	8.97	3	0.5469	0	496398819188463
366	8.98	3	0.36	0.01	496398819188463
367	8.97	3	0.5469	-0.01	496398819188463
368	8.97	3	0.555968	0	496398819188463
369	8.97	3	0.5469	0	496398819188463
370	8.97	3	0.528299	0	496398819188463
371	8.97	3	0.528299	0	496398819188463
372	8.97	3	0.518748	0	496398819188463
373	8.97	3	0.528299	0	496398819188463
374	8.97	3	0.528299	0	496398819188463
375	8.97	3	0.528299	0	496398819188463
376	8.98	3	0.331059	0.01	496398819188463
377	8.97	3	0.5469	-0.01	496398819188463
378	8.97	3	0.53768	0	496398819188463
379	8.97	3	0.5469	0	496398819188463
380	8.98	3	0.345832	0.01	496398819188463
381	8.97	3	0.564889	-0.01	496398819188463
382	8.97	3	0.564889	0	496398819188463
383	8.97	3	0.564889	0	496398819188463
384	8.97	3	0.564889	0	496398819188463
385	8.98	3	0.373631	0.01	496398819188463
386	8.98	3	0.386782	0	496398819188463
387	8.98	3	0.386782	0	496398819188463
388	8.98	3	0.373631	0	496398819188463
389	8.98	3	0.386782	0	496398819188463
390	8.98	2	0.3995	0	496398819188463
391	8.98	2	0.3995	0	496398819188463
392	8.98	2	0.411825	0	496398819188463
393	8.98	2	0.411825	0	496398819188463
394	8.98	2	0.411825	0	496398819188463
395	8.98	2	0.411825	0	496398819188463
396	8.98	2	0.446766	0	496398819188463
397	8.99	2	0.244745	0.01	496398819188463
398	8.98	2	0.4996	-0.01	496398819188463
399	8.98	2	0.4996	0	496398819188463
400	8.99	2	0.282666	0.01	496398819188463
401	8.99	2	0.282666	0	496398819188463
402	8.99	2	0.282666	0	496398819188463
403	8.99	2	0.282666	0	496398819188463
404	8.99	2	0.282666	0	496398819188463
405	8.99	2	0.282666	0	496398819188463
406	8.99	2	0.282666	0	496398819188463
407	8.99	2	0.282666	0	496398819188463
408	8.99	2	0.282666	0	496398819188463
409	8.99	2	0.282666	0	496398819188463
410	8.98	2	0.4996	-0.01	496398819188463
411	8.98	2	0.4996	0	496398819188463
412	8.98	2	0.4996	0	496398819188463
413	8.99	2	0.282666	0.01	496398819188463
414	8.99	2	0.282666	0	496398819188463
415	8.99	2	0.282666	0	496398819188463
416	8.99	2	0.282666	0	496398819188463
417	8.99	2	0.282666	0	496398819188463
418	8.98	2	0.4996	-0.01	496398819188463
419	8.99	2	0.282666	0.01	496398819188463
420	8.99	2	0.282666	0	496398819188463
421	8.98	2	0.4996	-0.01	496398819188463
422	8.99	2	0.282666	0.01	496398819188463
423	8.99	2	0.282666	0	496398819188463
424	8.99	2	0.282666	0	496398819188463
425	8.99	2	0.282666	0	496398819188463
426	8.99	2	0.282666	0	496398819188463
427	8.99	2	0.282666	0	496398819188463
428	8.99	2	0.282666	0	496398819188463
429	8.99	2	0.282666	0	496398819188463
430	8.99	2	0.282666	0	496398819188463
431	8.99	2	0.282666	0	496398819188463
432	8.99	2	0.282666	0	496398819188463
433	8.99	2	0.282666	0	496398819188463
434	8.99	2	0.282666	0	496398819188463
435	8.99	2	0.282666	0	496398819188463
436	8.98	2	0.4996	-0.01	496398819188463
437	8.99	2	0.282666	0.01	496398819188463
438	8.99	2	0.282666	0	496398819188463
439	8.98	2	0.4996	-0.01	496398819188463
440	8.99	2	0.282666	0.01	496398819188463
441	8.99	2	0.282666	0	496398819188463
442	8.99	2	0.282666	0	496398819188463
443	8.99	2	0.282666	0	496398819188463
444	8.99	2	0.282666	0	496398819188463
445	8.99	2	0.282666	0	496398819188463
446	8.99	2	0.282666	0	496398819188463
447	8.99	2	0.282666	0	496398819188463
448	8.99	2	0.282666	0	496398819188463
449	8.99	2	0.282666	0	496398819188463
450	8.99	2	0.282666	0	496398819188463
451	8.99	2	0.282666	0	496398819188463
452	8.98	2	0.4996	-0.01	496398819188463
453	8.99	2	0.282666	0.01	496398819188463
454	8.98	2	0.4996	-0.01	496398819188463
455	8.99	2	0.282666	0.01	496398819188463
456	8.98	2	0.4996	-0.01	496398819188463
457	8.98	2	0.4996	0	496398819188463
458	8.99	2	0.282666	0.01	496398819188463
459	8.99	2	0.282666	0	496398819188463
460	8.99	2	0.282666	0	496398819188463
461	8.98	2	0.4996	-0.01	496398819188463
462	8.99	2	0.282666	0.01	496398819188463
463	8.99	2	0.282666	0	496398819188463
464	8.99	2	0.282666	0	496398819188463
465	8.99	2	0.282666	0	496398819188463
466	8.99	2	0.282666	0	496398819188463
467	8.99	2	0.282666	0	496398819188463
468	8.99	2	0.282666	0	496398819188463
469	8.99	2	0.282666	0	496398819188463
470	8.99	2	0.282666	0	496398819188463
471	8.99	2	0.282666	0	496398819188463
472	8.99	2	0.282666	0	496398819188463
473	8.99	2	0.282666	0	496398819188463
474	8.99	2	0.282666	0	496398819188463
475	8.99	2	0.282666	0	496398819188463
476	8.98	2	0.4996	-0.01	496398819188463
477	8.99	2	0.282666	0.01	496398819188463
478	8.99	2	0.282666	0	496398819188463
479	8.99	2	0.282666	0	496398819188463
480	8.99	2	0.282666	0	496398819188463
481	8.99	2	0.282666	0	496398819188463
482	8.99	2	0.282666	0	496398819188463
483	8.98	2	0.4996	-0.01	496398819188463
484	8.99	2	0.282666	0.01	496398819188463
485	8.99	2	0.282666	0	496398819188463
486	8.99	2	0.282666	0	496398819188463
487	8.99	2	0.282666	0	496398819188463
488	8.99	2	0.282666	0	496398819188463
489	8.99	2	0.282666	0	496398819188463
490	8.99	2	0.282666	0	496398819188463
491	8.99	2	0.282666	0	496398819188463
492	8.99	2	0.282666	0	496398819188463
493	8.99	2	0.282666	0	496398819188463
494	8.99	2	0.282666	0	496398819188463
495	8.99	2	0.282666	0	496398819188463
496	8.99	2	0.282666	0	496398819188463
497	8.99	2	0.282666	0	496398819188463
498	8.99	2	0.282666	0	496398819188463
499	8.99	2	0.282666	0	496398819188463
500	8.99	2	0.282666	0	496398819188463
501	8.99	2	0.282666	0	496398819188463
502	8.98	2	0.4996	-0.01	496398819188463
503	8.99	2	0.282666	0.01	496398819188463
504	8.99	2	0.282666	0	496398819188463
505	8.99	2	0.282666	0	496398819188463
506	8.99	2	0.282666	0	496398819188463
507	8.99	2	0.282666	0	496398819188463
508	8.99	2	0.282666	0	496398819188463
509	8.99	2	0.282666	0	496398819188463
510	8.99	2	0.282666	0	496398819188463
511	8.99	2	0.282666	0	496398819188463
512	8.98	2	0.4996	-0.01	496398819188463
513	8.99	2	0.282666	0.01	496398819188463
514	8.99	2	0.282666	0	496398819188463
515	8.99	2	0.282666	0	496398819188463
516	8.99	2	0.282666	0	496398819188463
517	8.99	2	0.282666	0	496398819188463
518	8.99	2	0.282666	0	496398819188463
519	8.99	2	0.282666	0	496398819188463
520	8.99	2	0.282666	0	496398819188463
521	8.99	2	0.282666	0	496398819188463
522	8.98	2	0.4996	-0.01	496398819188463
523	8.98	2	0.4996	0	496398819188463
524	8.98	2	0.4996	0	496398819188463
525	8.99	2	0.282666	0.01	496398819188463
526	8.99	2	0.282666	0	496398819188463
527	8.99	2	0.282666	0	496398819188463
528	8.99	2	0.282666	0	496398819188463
529	8.99	2	0.282666	0	496398819188463
530	8.99	2	0.282666	0	496398819188463
531	8.99	2	0.282666	0	496398819188463
532	8.99	2	0.282666	0	496398819188463
533	8.98	2	0.4996	-0.01	496398819188463
534	8.99	2	0.282666	0.01	496398819188463
535	8.99	2	0.282666	0	496398819188463
536	8.99	2	0.282666	0	496398819188463
537	8.99	2	0.282666	0	496398819188463
538	8.98	2	0.4996	-0.01	496398819188463
539	8.98	2	0.4996	0	496398819188463
540	8.99	2	0.282666	0.01	496398819188463
541	8.99	2	0.282666	0	496398819188463
542	8.99	2	0.282666	0	496398819188463
543	8.98	2	0.4996	-0.01	496398819188463
544	8.99	2	0.282666	0.01	496398819188463
545	8.98	2	0.4996	-0.01	496398819188463
546	8.99	2	0.282666	0.01	496398819188463
547	8.98	2	0.4996	-0.01	496398819188463
548	8.99	2	0.282666	0.01	496398819188463
549	8.99	2	0.282666	0	496398819188463
550	8.99	2	0.282666	0	496398819188463
551	8.99	2	0.282666	0	496398819188463
552	8.99	2	0.282666	0	496398819188463
553	8.99	2	0.282666	0	496398819188463
554	8.98	2	0.4996	-0.01	496398819188463
555	8.99	2	0.282666	0.01	496398819188463
556	8.98	2	0.4996	-0.01	496398819188463
557	8.98	2	0.4996	0	496398819188463
558	8.99	2	0.282666	0.01	496398819188463
559	8.99	2	0.282666	0	496398819188463
560	8.99	2	0.282666	0	496398819188463
561	8.99	2	0.282666	0	496398819188463
562	8.99	2	0.282666	0	496398819188463
563	8.99	2	0.282666	0	496398819188463
564	8.99	2	0.282666	0	496398819188463
565	8.99	2	0.282666	0	496398819188463
566	8.98	2	0.4996	-0.01	496398819188463
567	8.99	2	0.282666	0.01	496398819188463
568	8.99	2	0.282666	0	496398819188463
569	8.99	2	0.282666	0	496398819188463
570	8.99	2	0.282666	0	496398819188463
571	8.99	2	0.282666	0	496398819188463
572	8.99	2	0.282666	0	496398819188463
573	8.99	2	0.282666	0	496398819188463
574	8.98	2	0.50951	-0.01	496398819188463
575	8.99	2	0.282666	0.01	496398819188463
576	8.99	2	0.282666	0	496398819188463
577	8.99	2	0.282666	0	496398819188463
578	8.99	2	0.282666	0	496398819188463
579	8.99	2	0.282666	0	496398819188463
580	8.99	2	0.282666	0	496398819188463
581	8.99	2	0.282666	0	496398819188463
582	8.99	2	0.282666	0	496398819188463
583	8.98	2	0.4996	-0.01	496398819188463
584	8.99	2	0.282666	0.01	496398819188463
585	8.99	2	0.282666	0	496398819188463
586	8.99	2	0.282666	0	496398819188463
587	8.99	2	0.282666	0	496398819188463
588	8.99	2	0.282666	0	496398819188463
589	8.99	2	0.282666	0	496398819188463
590	8.99	2	0.282666	0	496398819188463
591	8.99	2	0.282666	0	496398819188463
592	8.99	2	0.282666	0	496398819188463
593	8.99	2	0.282666	0	496398819188463
594	8.99	2	0.282666	0	496398819188463
595	8.99	2	0.282666	0	496398819188463
596	8.98	2	0.4996	-0.01	496398819188463
597	8.99	2	0.282666	0.01	496398819188463
598	8.98	2	0.4996	-0.01	496398819188463
599	8.98	2	0.4996	0	496398819188463
600	8.98	2	0.4996	0	496398819188463
601	8.99	2	0.282666	0.01	496398819188463
602	8.99	2	0.282666	0	496398819188463
603	8.99	2	0.282666	0	496398819188463
604	8.99	2	0.282666	0	496398819188463
605	8.99	2	0.282666	0	496398819188463
606	8.99	2	0.282666	0	496398819188463
607	8.99	2	0.282666	0	496398819188463
608	8.99	2	0.282666	0	496398819188463
609	8.99	2	0.282666	0	496398819188463
610	8.99	2	0.282666	0	496398819188463
611	8.99	2	0.282666	0	496398819188463
612	8.99	2	0.282666	0	496398819188463
613	8.99	2	0.282666	0	496398819188463
614	8.99	2	0.282666	0	496398819188463
615	8.99	2	0.282666	0	496398819188463
616	8.99	2	0.282666	0	496398819188463
617	8.99	2	0.282666	0	496398819188463
618	8.98	2	0.4996	-0.01	496398819188463
619	8.99	2	0.282666	0.01	496398819188463
620	8.98	2	0.4996	-0.01	496398819188463
621	8.99	2	0.282666	0.01	496398819188463
622	8.99	2	0.282666	0	496398819188463
623	8.98	2	0.4996	-0.01	496398819188463
624	8.99	2	0.282666	0.01	496398819188463
625	8.98	2	0.50951	-0.01	496398819188463
626	8.98	2	0.4996	0	496398819188463
627	8.99	2	0.282666	0.01	496398819188463
628	8.99	2	0.282666	0	496398819188463
629	8.99	2	0.282666	0	496398819188463
630	8.99	2	0.282666	0	496398819188463
631	8.99	2	0.282666	0	496398819188463
632	8.99	2	0.282666	0	496398819188463
633	8.99	2	0.282666	0	496398819188463
634	8.99	2	0.282666	0	496398819188463
635	8.99	2	0.282666	0	496398819188463
636	8.99	2	0.282666	0	496398819188463
637	8.99	2	0.282666	0	496398819188463
638	8.99	2	0.282666	0	496398819188463
639	8.99	2	0.282666	0	496398819188463
640	8.99	2	0.282666	0	496398819188463
641	8.99	2	0.282666	0	496398819188463
642	8.99	2	0.282666	0	496398819188463
643	8.99	2	0.282666	0	496398819188463
644	8.99	2	0.282666	0	496398819188463
645	8.99	2	0.282666	0	496398819188463
646	8.99	2	0.282666	0	496398819188463
647	8.99	2	0.282666	0	496398819188463
648	8.99	2	0.282666	0	496398819188463
649	8.98	2	0.4996	-0.01	496398819188463
650	8.99	2	0.282666	0.01	496398819188463
651	8.99	2	0.282666	0	496398819188463
652	8.99	2	0.282666	0	496398819188463
653	8.99	2	0.282666	0	496398819188463
654	8.99	2	0.282666	0	496398819188463
655	8.99	2	0.282666	0	496398819188463
656	8.98	2	0.4996	-0.01	496398819188463
657	8.98	2	0.4996	0	496398819188463
658	8.99	2	0.282666	0.01	496398819188463
659	8.99	2	0.282666	0	496398819188463
660	8.99	2	0.282666	0	496398819188463
661	8.99	2	0.282666	0	496398819188463
662	8.98	2	0.4996	-0.01	496398819188463
663	8.98	2	0.4996	0	496398819188463
664	8.98	2	0.4996	0	496398819188463
665	8.99	2	0.282666	0.01	496398819188463
666	8.99	2	0.282666	0	496398819188463
667	8.99	2	0.282666	0	496398819188463
668	8.98	2	0.4996	-0.01	496398819188463
669	8.99	2	0.282666	0.01	496398819188463
670	8.99	2	0.282666	0	496398819188463
671	8.99	2	0.282666	0	496398819188463
672	8.99	2	0.282666	0	496398819188463
673	8.99	2	0.282666	0	496398819188463
674	8.99	2	0.282666	0	496398819188463
675	8.99	2	0.282666	0	496398819188463
676	8.99	2	0.282666	0	496398819188463
677	8.98	2	0.4996	-0.01	496398819188463
678	8.98	2	0.4996	0	496398819188463
679	8.99	2	0.282666	0.01	496398819188463
680	8.99	2	0.282666	0	496398819188463
681	8.99	2	0.282666	0	496398819188463
682	8.99	2	0.282666	0	496398819188463
683	8.99	2	0.282666	0	496398819188463
684	8.99	2	0.282666	0	496398819188463
685	8.99	2	0.282666	0	496398819188463
686	8.99	2	0.282666	0	496398819188463
687	8.99	2	0.282666	0	496398819188463
688	8.99	2	0.282666	0	496398819188463
689	8.99	2	0.282666	0	496398819188463
690	8.99	2	0.282666	0	496398819188463
691	8.99	2	0.282666	0	496398819188463
692	8.99	2	0.282666	0	496398819188463
693	8.99	2	0.282666	0	496398819188463
694	8.99	2	0.282666	0	496398819188463
695	8.99	2	0.282666	0	496398819188463
696	8.99	2	0.282666	0	496398819188463
697	8.98	2	0.4996	-0.01	496398819188463
698	8.99	2	0.282666	0.01	496398819188463
699	8.99	2	0.282666	0	496398819188463
700	8.99	2	0.282666	0	496398819188463
701	8.99	2	0.282666	0	496398819188463
702	8.99	2	0.282666	0	496398819188463
703	8.99	2	0.282666	0	496398819188463
704	8.99	2	0.282666	0	496398819188463
705	8.99	2	0.282666	0	496398819188463
706	8.99	2	0.360416	0	496398819188463
707	8.99	2	0.399875	0	496398819188463
708	8.99	2	0.399875	0	496398819188463
709	8.99	2	0.399875	0	496398819188463
710	8.99	2	0.412189	0	496398819188463
711	9	1	0	0.01	496398819188463
