Time	Displacement	BinCount	Variance	Velocity	Label
0	0	1	0	0	334084759424778
1	0.101	4	0.314323	0.101	334084759424778
2	0.206	4	0.453392	0.105	334084759424778
3	0.303	5	0.547897	0.097	334084759424778
4	0.405	5	0.634015	0.102	334084759424778
5	0.51	6	0.711266	0.105	334084759424778
6	0.609	7	0.774028	0.099	334084759424778
7	0.712	7	0.8343	0.103	334084759424778
8	0.82	7	0.892525	0.108	334084759424778
9	0.93	7	0.951367	0.11	334084759424778
10	1.058	8	1.01422	0.128	334084759424778
11	1.155	8	1.06676	0.097	334084759424778
12	1.257	9	1.10858	0.102	334084759424778
13	1.347	9	1.15827	0.09	334084759424778
14	1.45	9	1.19478	0.103	334084759424778
15	1.532	10	1.24055	0.082	334084759424778
16	1.632	9	1.29173	0.1	334084759424778
17	1.733	10	1.34228	0.101	334084759424778
18	1.836	10	1.3882	0.103	334084759424778
19	1.949	10	1.43541	0.113	334084759424778
20	2.03	10	1.45846	0.081	334084759424778
21	2.148	10	1.50536	0.118	334084759424778
22	2.255	10	1.54077	0.107	334084759424778
23	2.34	10	1.57239	0.085	334084759424778
24	2.424	10	1.58468	0.084	334084759424778
25	2.516	10	1.6164	0.092	334084759424778
26	2.619	10	1.63182	0.103	334084759424778
27	2.719	10	1.67154	0.1	334084759424778
28	2.798	10	1.70329	0.079	334084759424778
29	2.916	10	1.71725	0.118	334084759424778
30	3.035	10	1.74922	0.119	334084759424778
31	3.132	10	1.77358	0.097	334084759424778
32	3.222	10	1.78933	0.09	334084759424778
33	3.309	10	1.8299	0.087	334084759424778
34	3.368	10	1.8321	0.059	334084759424778
35	3.467	10	1.85119	0.099	334084759424778
36	3.563	10	1.86414	0.096	334084759424778
37	3.661	10	1.90711	0.098	334084759424778
38	3.716	10	1.91972	0.055	334084759424778
39	3.812	10	1.94362	0.096	334084759424778
40	3.904	10	1.96718	0.092	334084759424778
41	4.005	10	1.97509	0.101	334084759424778
42	4.096	10	1.98816	0.091	334084759424778
43	4.203	10	2.00195	0.107	334084759424778
44	4.286	10	2.00255	0.083	334084759424778
45	4.373	10	2.01962	0.087	334084759424778
46	4.452	10	2.03069	0.079	334084759424778
47	4.56	10	2.05363	0.108	334084759424778
48	4.681	10	2.06887	0.121	334084759424778
49	4.79	10	2.06734	0.109	334084759424778
50	4.892	10	2.0689	0.102	334084759424778
51	4.983	10	2.09301	0.091	334084759424778
52	5.062	10	2.10954	0.079	334084759424778
53	5.166	10	2.08529	0.104	334084759424778
54	5.266	10	2.1041	0.1	334084759424778
55	5.321	10	2.1121	0.055	334084759424778
56	5.403	10	2.11603	0.082	334084759424778
57	5.486	10	2.10471	0.083	334084759424778
58	5.545	10	2.11565	0.059	334084759424778
59	5.626	10	2.11379	0.081	334084759424778
60	5.705	10	2.1199	0.079	334084759424778
61	5.752	10	2.13084	0.047	334084759424778
62	5.846	10	2.12751	0.094	334084759424778
63	5.956	10	2.12063	0.11	334084759424778
64	6.046	10	2.10829	0.09	334084759424778
65	6.144	10	2.09863	0.098	334084759424778
66	6.231	10	2.08126	0.087	334084759424778
67	6.311	10	2.09172	0.08	334084759424778
68	6.359	10	2.08953	0.048	334084759424778
69	6.449	10	2.06698	0.09	334084759424778
70	6.533	9	2.06396	0.084	334084759424778
71	6.602	9	2.03828	0.069	334084759424778
72	6.629	9	2.0133	0.027	334084759424778
73	6.675	9	2.01181	0.046	334084759424778
74	6.719	9	2.01991	0.044	334084759424778
75	6.769	9	1.99641	0.05	334084759424778
76	6.842	9	1.97864	0.073	334084759424778
77	6.896	9	1.96626	0.054	334084759424778
78	6.964	9	1.94569	0.068	334084759424778
79	7.02	9	1.92447	0.056	334084759424778
80	7.098	9	1.90536	0.078	334084759424778
81	7.157	9	1.87999	0.059	334084759424778
82	7.225	9	1.85294	0.068	334084759424778
83	7.31	9	1.81188	0.085	334084759424778
84	7.381	8	1.78517	0.071	334084759424778
85	7.433	8	1.75798	0.052	334084759424778
86	7.503	8	1.73378	0.07	334084759424778
87	7.579	8	1.70902	0.076	334084759424778
88	7.639	8	1.6777	0.06	334084759424778
89	7.672	8	1.66205	0.033	334084759424778
90	7.695	8	1.65136	0.023	334084759424778
91	7.76	8	1.62954	0.065	334084759424778
92	7.823	8	1.57724	0.063	334084759424778
93	7.885	8	1.55428	0.062	334084759424778
94	7.927	8	1.52337	0.042	334084759424778
95	7.97	8	1.50469	0.043	334084759424778
96	7.975	8	1.49411	0.005	334084759424778
97	8.011	8	1.48892	0.036	334084759424778
98	8.063	8	1.44258	0.052	334084759424778
99	8.114	8	1.3975	0.051	334084759424778
100	8.158	8	1.37624	0.044	334084759424778
101	8.197	8	1.35174	0.039	334084759424778
102	8.241	8	1.3183	0.044	334084759424778
103	8.274	8	1.29612	0.033	334084759424778
104	8.31	8	1.26408	0.036	334084759424778
105	8.346	8	1.24148	0.036	334084759424778
106	8.362	8	1.22227	0.016	334084759424778
107	8.395	8	1.19916	0.033	334084759424778
108	8.424	8	1.17227	0.029	334084759424778
109	8.458	8	1.13633	0.034	334084759424778
110	8.472	7	1.13411	0.014	334084759424778
111	8.496	7	1.10272	0.024	334084759424778
112	8.505	7	1.09862	0.009	334084759424778
113	8.529	7	1.06685	0.024	334084759424778
114	8.547	7	1.04776	0.018	334084759424778
115	8.569	7	1.0155	0.022	334084759424778
116	8.583	7	0.995043	0.014	334084759424778
117	8.603	7	0.978464	0.02	334084759424778
118	8.62	7	0.961041	0.017	334084759424778
119	8.64	7	0.936162	0.02	334084759424778
120	8.661	7	0.901154	0.021	334084759424778
121	8.678	7	0.878815	0.017	334084759424778
122	8.688	7	0.854199	0.01	334084759424778
123	8.694	7	0.863924	0.006	334084759424778
124	8.718	7	0.82491	0.024	334084759424778
125	8.728	7	0.822202	0.01	334084759424778
126	8.736	7	0.805173	0.008	334084759424778
127	8.738	7	0.797092	0.002	334084759424778
128	8.743	7	0.782912	0.005	334084759424778
129	8.756	7	0.760568	0.013	334084759424778
130	8.766	7	0.749829	0.01	334084759424778
131	8.784	6	0.722042	0.018	334084759424778
132	8.793	6	0.702959	0.009	334084759424778
133	8.8	6	0.687023	0.007	334084759424778
134	8.816	6	0.669436	0.016	334084759424778
135	8.834	6	0.62245	0.018	334084759424778
136	8.835	6	0.622716	0.001	334084759424778
137	8.83	6	0.62857	-0.005	334084759424778
138	8.843	6	0.620766	0.013	334084759424778
139	8.849	6	0.599332	0.006	334084759424778
140	8.858	6	0.603188	0.009	334084759424778
141	8.861	6	0.58282	0.003	334084759424778
142	8.87	6	0.5469	0.009	334084759424778
143	8.874	6	0.553285	0.004	334084759424778
144	8.885	6	0.538308	0.011	334084759424778
145	8.894	5	0.517459	0.009	334084759424778
146	8.902	5	0.506356	0.008	334084759424778
147	8.904	5	0.496774	0.002	334084759424778
148	8.904	5	0.505751	0	334084759424778
149	8.916	5	0.468982	0.012	334084759424778
150	8.922	5	0.468952	0.006	334084759424778
151	8.928	5	0.45146	0.006	334084759424778
152	8.931	5	0.451928	0.003	334084759424778
153	8.938	5	0.400195	0.007	334084759424778
154	8.94	5	0.42	0.002	334084759424778
155	8.946	5	0.384817	0.006	334084759424778
156	8.945	5	0.392396	-0.001	334084759424778
157	8.947	5	0.374421	0.002	334084759424778
158	8.949	5	0.409144	0.002	334084759424778
159	8.952	5	0.36701	0.003	334084759424778
160	8.957	5	0.342273	0.005	334084759424778
161	8.964	5	0.317339	0.007	334084759424778
162	8.966	5	0.325337	0.002	334084759424778
163	8.969	5	0.316289	0.003	334084759424778
164	8.968	5	0.331626	-0.001	334084759424778
165	8.969	5	0.303379	0.001	334084759424778
166	8.969	5	0.311511	0	334084759424778
167	8.971	5	0.308479	0.002	334084759424778
168	8.971	5	0.306853	0	334084759424778
169	8.974	5	0.303849	0.003	334084759424778
170	8.976	5	0.292274	0.002	334084759424778
171	8.977	5	0.271055	0.001	334084759424778
172	8.979	5	0.271218	0.002	334084759424778
173	8.979	5	0.295904	0	334084759424778
174	8.981	5	0.235879	0.002	334084759424778
175	8.982	5	0.273269	0.001	334084759424778
176	8.983	5	0.285851	0.001	334084759424778
177	8.988	5	0.21414	0.005	334084759424778
178	8.989	5	0.211847	0.001	334084759424778
179	8.986	5	0.267963	-0.003	334084759424778
180	8.987	5	0.250661	0.001	334084759424778
181	8.99	4	0.194679	0.003	334084759424778
182	8.984	4	0.271558	-0.006	334084759424778
183	8.985	4	0.244489	0.001	334084759424778
184	8.986	4	0.256523	0.001	334084759424778
185	8.986	4	0.250607	0	334084759424778
186	8.987	4	0.242551	0.001	334084759424778
187	8.989	4	0.218813	0.002	334084759424778
188	8.989	4	0.22777	0	334084759424778
189	8.99	4	0.238537	0.001	334084759424778
190	8.992	4	0.184217	0.002	334084759424778
191	8.992	3	0.192187	0	334084759424778
192	8.992	3	0.181483	0	334084759424778
193	8.992	3	0.181483	0	334084759424778
194	8.991	3	0.184171	-0.001	334084759424778
195	8.991	3	0.141135	0	334084759424778
196	8.991	3	0.178659	0	334084759424778
197	8.993	3	0.148159	0.002	334084759424778
198	8.992	3	0.211981	-0.001	334084759424778
199	8.993	3	0.144745	0.001	334084759424778
200	8.992	3	0.192187	-0.001	334084759424778
201	8.993	3	0.186952	0.001	334084759424778
202	8.994	3	0.14479	0.001	334084759424778
203	8.993	3	0.218977	-0.001	334084759424778
204	8.994	3	0.175966	0.001	334084759424778
205	8.995	3	0.10943	0.001	334084759424778
206	8.994	3	0.194844	-0.001	334084759424778
207	8.995	3	0.18159	0.001	334084759424778
208	8.994	3	0.175966	-0.001	334084759424778
209	8.996	3	0.14827	0.002	334084759424778
210	8.995	3	0.17022	-0.001	334084759424778
211	8.995	3	0.189671	0	334084759424778
212	8.994	3	0.186987	-0.001	334084759424778
213	8.995	3	0.17022	0.001	334084759424778
214	8.995	3	0.167257	0	334084759424778
215	8.994	3	0.184293	-0.001	334084759424778
216	8.996	3	0.134104	0.002	334084759424778
217	8.996	3	0.167284	0	334084759424778
218	8.996	3	0.181615	0	334084759424778
219	8.995	3	0.214418	-0.001	334084759424778
220	8.996	2	0.176023	0.001	334084759424778
221	8.997	2	0.134131	0.001	334084759424778
222	8.997	2	0.134131	0	334084759424778
223	8.997	2	0.122438	0	334084759424778
224	8.997	2	0.122438	0	334084759424778
225	8.997	2	0.109503	0	334084759424778
226	8.997	2	0.122438	0	334084759424778
227	8.998	2	0.104862	0.001	334084759424778
228	8.998	2	0.114	0	334084759424778
229	8.998	2	0.104862	0	334084759424778
230	8.999	2	0.0447102	0.001	334084759424778
231	8.999	2	0.0632376	0	334084759424778
232	8.998	2	0.126475	-0.001	334084759424778
233	8.998	2	0.114	0	334084759424778
234	8.998	2	0.137826	0	334084759424778
235	8.998	2	0.151644	0	334084759424778
236	8.998	2	0.151644	0	334084759424778
237	8.998	2	0.158101	0	334084759424778
238	8.998	2	0.170282	0	334084759424778
239	8.998	2	0.158101	0	334084759424778
240	8.999	2	0.0774532	0.001	334084759424778
241	8.999	2	0.10954	0	334084759424778
242	8.999	2	0.099995	0	334084759424778
243	8.998	2	0.170282	-0.001	334084759424778
244	8.999	2	0.10954	0.001	334084759424778
245	8.999	2	0.10954	0	334084759424778
246	8.999	2	0.126487	0	334084759424778
247	9	1	0	0.001	334084759424778
