Time	Displacement	BinCount	Variance	Velocity	Label
0	0	1	0	0	1303482587105654
1	0.01	2	0.0994987	0.01	1303482587105654
2	0.018	3	0.132951	0.008	1303482587105654
3	0.029	3	0.17076	0.011	1303482587105654
4	0.039	3	0.196161	0.01	1303482587105654
5	0.048	3	0.218394	0.009	1303482587105654
6	0.057	3	0.236116	0.009	1303482587105654
7	0.065	3	0.254509	0.008	1303482587105654
8	0.073	3	0.269576	0.008	1303482587105654
9	0.085	4	0.291161	0.012	1303482587105654
10	0.098	4	0.312083	0.013	1303482587105654
11	0.108	4	0.329144	0.01	1303482587105654
12	0.118	4	0.343622	0.01	1303482587105654
13	0.127	4	0.35619	0.009	1303482587105654
14	0.136	4	0.365382	0.009	1303482587105654
15	0.146	4	0.376409	0.01	1303482587105654
16	0.152	4	0.38587	0.006	1303482587105654
17	0.165	4	0.404691	0.013	1303482587105654
18	0.172	4	0.412815	0.007	1303482587105654
19	0.18	5	0.424971	0.008	1303482587105654
20	0.192	5	0.438333	0.012	1303482587105654
21	0.204	5	0.453193	0.012	1303482587105654
22	0.22	5	0.470744	0.016	1303482587105654
23	0.234	5	0.483988	0.014	1303482587105654
24	0.24	5	0.488262	0.006	1303482587105654
25	0.247	5	0.495975	0.007	1303482587105654
26	0.256	5	0.503452	0.009	1303482587105654
27	0.269	5	0.516371	0.013	1303482587105654
28	0.279	5	0.525508	0.01	1303482587105654
29	0.288	5	0.536708	0.009	1303482587105654
30	0.297	5	0.546618	0.009	1303482587105654
31	0.301	5	0.548998	0.004	1303482587105654
32	0.307	5	0.552043	0.006	1303482587105654
33	0.318	5	0.559353	0.011	1303482587105654
34	0.326	5	0.568088	0.008	1303482587105654
35	0.334	5	0.575712	0.008	1303482587105654
36	0.343	5	0.581679	0.009	1303482587105654
37	0.35	5	0.589491	0.007	1303482587105654
38	0.36	5	0.596154	0.01	1303482587105654
39	0.375	5	0.609405	0.015	1303482587105654
40	0.389	5	0.619418	0.014	1303482587105654
41	0.4	5	0.62849	0.011	1303482587105654
42	0.412	5	0.639731	0.012	1303482587105654
43	0.418	5	0.643643	0.006	1303482587105654
44	0.42	5	0.646993	0.002	1303482587105654
45	0.426	5	0.653088	0.006	1303482587105654
46	0.44	5	0.665132	0.014	1303482587105654
47	0.431	5	0.661241	-0.009	1303482587105654
48	0.438	5	0.668697	0.007	1303482587105654
49	0.451	5	0.677937	0.013	1303482587105654
50	0.466	5	0.687637	0.015	1303482587105654
51	0.473	5	0.690124	0.007	1303482587105654
52	0.48	5	0.700428	0.007	1303482587105654
53	0.483	5	0.702646	0.003	1303482587105654
54	0.489	5	0.705605	0.006	1303482587105654
55	0.504	5	0.716229	0.015	1303482587105654
56	0.523	5	0.729706	0.019	1303482587105654
57	0.526	5	0.733706	0.003	1303482587105654
58	0.543	5	0.743741	0.017	1303482587105654
59	0.556	5	0.752239	0.013	1303482587105654
60	0.565	5	0.756819	0.009	1303482587105654
61	0.577	5	0.760967	0.012	1303482587105654
62	0.589	5	0.769467	0.012	1303482587105654
63	0.602	5	0.776271	0.013	1303482587105654
64	0.612	5	0.783234	0.01	1303482587105654
65	0.62	5	0.785239	0.008	1303482587105654
66	0.635	5	0.793584	0.015	1303482587105654
67	0.649	5	0.801124	0.014	1303482587105654
68	0.659	5	0.803566	0.01	1303482587105654
69	0.665	5	0.807326	0.006	1303482587105654
70	0.681	5	0.820511	0.016	1303482587105654
71	0.693	5	0.826892	0.012	1303482587105654
72	0.7	5	0.836062	0.007	1303482587105654
73	0.709	5	0.837448	0.009	1303482587105654
74	0.711	5	0.839332	0.002	1303482587105654
75	0.716	5	0.846962	0.005	1303482587105654
76	0.73	5	0.853874	0.014	1303482587105654
77	0.74	5	0.856971	0.01	1303482587105654
78	0.746	5	0.861675	0.006	1303482587105654
79	0.745	5	0.857307	-0.001	1303482587105654
80	0.754	5	0.861675	0.009	1303482587105654
81	0.76	5	0.861046	0.006	1303482587105654
82	0.77	5	0.866083	0.01	1303482587105654
83	0.768	5	0.863236	-0.002	1303482587105654
84	0.783	5	0.870006	0.015	1303482587105654
85	0.792	5	0.875063	0.009	1303482587105654
86	0.801	5	0.881135	0.009	1303482587105654
87	0.816	5	0.884954	0.015	1303482587105654
88	0.828	5	0.895218	0.012	1303482587105654
89	0.835	5	0.89486	0.007	1303482587105654
90	0.85	5	0.90305	0.015	1303482587105654
91	0.855	5	0.907731	0.005	1303482587105654
92	0.871	5	0.913433	0.016	1303482587105654
93	0.88	5	0.923905	0.009	1303482587105654
94	0.892	5	0.92322	0.012	1303482587105654
95	0.9	5	0.927362	0.008	1303482587105654
96	0.914	5	0.927687	0.014	1303482587105654
97	0.909	5	0.926671	-0.005	1303482587105654
98	0.919	5	0.931364	0.01	1303482587105654
99	0.935	5	0.935829	0.016	1303482587105654
100	0.948	5	0.943025	0.013	1303482587105654
101	0.972	5	0.948797	0.024	1303482587105654
102	0.976	5	0.947852	0.004	1303482587105654
103	0.987	5	0.956468	0.011	1303482587105654
104	0.999	5	0.962808	0.012	1303482587105654
105	1.004	5	0.968496	0.005	1303482587105654
106	1.014	5	0.972525	0.01	1303482587105654
107	1.024	5	0.981542	0.01	1303482587105654
108	1.038	5	0.992248	0.014	1303482587105654
109	1.049	5	0.991766	0.011	1303482587105654
110	1.065	5	1.00488	0.016	1303482587105654
111	1.083	5	1.01346	0.018	1303482587105654
112	1.091	5	1.0177	0.008	1303482587105654
113	1.102	5	1.02254	0.011	1303482587105654
114	1.117	5	1.02631	0.015	1303482587105654
115	1.125	5	1.02829	0.008	1303482587105654
116	1.124	5	1.03277	-0.001	1303482587105654
117	1.138	5	1.03632	0.014	1303482587105654
118	1.152	5	1.04206	0.014	1303482587105654
119	1.155	5	1.04784	0.003	1303482587105654
120	1.16	5	1.04948	0.005	1303482587105654
121	1.175	5	1.05848	0.015	1303482587105654
122	1.181	5	1.06124	0.006	1303482587105654
123	1.192	5	1.06355	0.011	1303482587105654
124	1.195	5	1.06159	0.003	1303482587105654
125	1.202	5	1.05603	0.007	1303482587105654
126	1.212	5	1.05785	0.01	1303482587105654
127	1.223	5	1.05796	0.011	1303482587105654
128	1.236	5	1.05892	0.013	1303482587105654
129	1.237	5	1.06294	0.001	1303482587105654
130	1.25	5	1.06419	0.013	1303482587105654
131	1.263	5	1.06011	0.013	1303482587105654
132	1.278	5	1.06617	0.015	1303482587105654
133	1.292	5	1.06852	0.014	1303482587105654
134	1.297	5	1.07461	0.005	1303482587105654
135	1.312	5	1.08012	0.015	1303482587105654
136	1.319	5	1.07714	0.007	1303482587105654
137	1.328	5	1.08093	0.009	1303482587105654
138	1.346	5	1.0818	0.018	1303482587105654
139	1.36	5	1.08508	0.014	1303482587105654
140	1.36	5	1.08277	0	1303482587105654
141	1.369	5	1.08574	0.009	1303482587105654
142	1.375	5	1.08415	0.006	1303482587105654
143	1.379	5	1.08506	0.004	1303482587105654
144	1.385	5	1.08801	0.006	1303482587105654
145	1.397	5	1.08277	0.012	1303482587105654
146	1.415	5	1.08755	0.018	1303482587105654
147	1.441	5	1.09248	0.026	1303482587105654
148	1.459	5	1.09878	0.018	1303482587105654
149	1.467	5	1.10359	0.008	1303482587105654
150	1.48	5	1.10662	0.013	1303482587105654
151	1.49	5	1.11709	0.01	1303482587105654
152	1.506	5	1.1207	0.016	1303482587105654
153	1.528	5	1.12881	0.022	1303482587105654
154	1.549	5	1.12632	0.021	1303482587105654
155	1.562	5	1.13232	0.013	1303482587105654
156	1.572	5	1.1273	0.01	1303482587105654
157	1.574	5	1.12983	0.002	1303482587105654
158	1.585	5	1.12906	0.011	1303482587105654
159	1.593	5	1.13594	0.008	1303482587105654
160	1.599	5	1.13851	0.006	1303482587105654
161	1.599	5	1.13807	0	1303482587105654
162	1.608	5	1.13549	0.009	1303482587105654
163	1.627	5	1.14406	0.019	1303482587105654
164	1.633	5	1.15729	0.006	1303482587105654
165	1.644	5	1.1512	0.011	1303482587105654
166	1.65	5	1.15694	0.006	1303482587105654
167	1.664	5	1.16065	0.014	1303482587105654
168	1.678	5	1.16975	0.014	1303482587105654
169	1.694	5	1.17233	0.016	1303482587105654
170	1.711	5	1.18003	0.017	1303482587105654
171	1.72	5	1.18474	0.009	1303482587105654
172	1.732	5	1.18244	0.012	1303482587105654
173	1.728	5	1.18744	-0.004	1303482587105654
174	1.736	5	1.19009	0.008	1303482587105654
175	1.757	5	1.19622	0.021	1303482587105654
176	1.77	5	1.19796	0.013	1303482587105654
177	1.779	5	1.19756	0.009	1303482587105654
178	1.798	5	1.20507	0.019	1303482587105654
179	1.805	5	1.20622	0.007	1303482587105654
180	1.824	5	1.20956	0.019	1303482587105654
181	1.832	5	1.21152	0.008	1303482587105654
182	1.834	5	1.21097	0.002	1303482587105654
183	1.851	5	1.22016	0.017	1303482587105654
184	1.862	5	1.21982	0.011	1303482587105654
185	1.86	5	1.21425	-0.002	1303482587105654
186	1.867	5	1.21627	0.007	1303482587105654
187	1.881	5	1.20948	0.014	1303482587105654
188	1.895	5	1.20912	0.014	1303482587105654
189	1.901	5	1.21211	0.006	1303482587105654
190	1.902	5	1.21795	0.001	1303482587105654
191	1.922	5	1.22634	0.02	1303482587105654
192	1.921	5	1.22872	-0.001	1303482587105654
193	1.926	5	1.23593	0.005	1303482587105654
194	1.93	5	1.23697	0.004	1303482587105654
195	1.939	5	1.24871	0.009	1303482587105654
196	1.95	5	1.2524	0.011	1303482587105654
197	1.958	5	1.25787	0.008	1303482587105654
198	1.968	5	1.25538	0.01	1303482587105654
199	1.974	5	1.25671	0.006	1303482587105654
200	1.981	5	1.26081	0.007	1303482587105654
201	1.986	5	1.26483	0.005	1303482587105654
202	1.997	5	1.26016	0.011	1303482587105654
203	2.011	5	1.26328	0.014	1303482587105654
204	2.029	5	1.26458	0.018	1303482587105654
205	2.047	5	1.26245	0.018	1303482587105654
206	2.063	5	1.2566	0.016	1303482587105654
207	2.069	5	1.25906	0.006	1303482587105654
208	2.091	5	1.2652	0.022	1303482587105654
209	2.102	5	1.26277	0.011	1303482587105654
210	2.111	5	1.26636	0.009	1303482587105654
211	2.114	5	1.2657	0.003	1303482587105654
212	2.131	5	1.27469	0.017	1303482587105654
213	2.141	5	1.26969	0.01	1303482587105654
214	2.145	5	1.27278	0.004	1303482587105654
215	2.162	5	1.27034	0.017	1303482587105654
216	2.171	5	1.27113	0.009	1303482587105654
217	2.184	5	1.26773	0.013	1303482587105654
218	2.181	5	1.26619	-0.003	1303482587105654
219	2.185	5	1.26995	0.004	1303482587105654
220	2.186	5	1.2702	0.001	1303482587105654
221	2.195	5	1.27082	0.009	1303482587105654
222	2.205	5	1.26648	0.01	1303482587105654
223	2.217	5	1.26803	0.012	1303482587105654
224	2.218	5	1.26707	0.001	1303482587105654
225	2.23	5	1.26456	0.012	1303482587105654
226	2.243	5	1.2712	0.013	1303482587105654
227	2.242	5	1.27336	-0.001	1303482587105654
228	2.244	5	1.27533	0.002	1303482587105654
229	2.262	5	1.269	0.018	1303482587105654
230	2.275	5	1.27058	0.013	1303482587105654
231	2.284	5	1.27136	0.009	1303482587105654
232	2.299	5	1.27067	0.015	1303482587105654
233	2.318	5	1.27431	0.019	1303482587105654
234	2.331	5	1.27532	0.013	1303482587105654
235	2.34	5	1.28468	0.009	1303482587105654
236	2.341	5	1.2848	0.001	1303482587105654
237	2.358	5	1.28056	0.017	1303482587105654
238	2.378	5	1.28301	0.02	1303482587105654
239	2.396	5	1.28226	0.018	1303482587105654
240	2.407	5	1.2866	0.011	1303482587105654
241	2.413	5	1.28313	0.006	1303482587105654
242	2.429	5	1.28022	0.016	1303482587105654
243	2.448	5	1.27879	0.019	1303482587105654
244	2.444	5	1.27588	-0.004	1303482587105654
245	2.441	5	1.27339	-0.003	1303482587105654
246	2.44	5	1.2757	-0.001	1303482587105654
247	2.439	5	1.278	-0.001	1303482587105654
248	2.454	5	1.27196	0.015	1303482587105654
249	2.463	5	1.27147	0.009	1303482587105654
250	2.474	5	1.27292	0.011	1303482587105654
251	2.489	5	1.27196	0.015	1303482587105654
252	2.477	5	1.26944	-0.012	1303482587105654
253	2.487	5	1.27233	0.01	1303482587105654
254	2.49	5	1.26764	0.003	1303482587105654
255	2.501	5	1.2661	0.011	1303482587105654
256	2.503	5	1.26964	0.002	1303482587105654
257	2.507	5	1.27238	0.004	1303482587105654
258	2.512	5	1.27548	0.005	1303482587105654
259	2.516	5	1.27583	0.004	1303482587105654
260	2.519	5	1.27736	0.003	1303482587105654
261	2.52	5	1.27577	0.001	1303482587105654
262	2.528	5	1.27405	0.008	1303482587105654
263	2.53	5	1.27479	0.002	1303482587105654
264	2.526	5	1.2788	-0.004	1303482587105654
265	2.523	5	1.28393	-0.003	1303482587105654
266	2.52	5	1.28476	-0.003	1303482587105654
267	2.53	5	1.28495	0.01	1303482587105654
268	2.537	5	1.28321	0.007	1303482587105654
269	2.538	5	1.28474	0.001	1303482587105654
270	2.543	5	1.27912	0.005	1303482587105654
271	2.556	5	1.27744	0.013	1303482587105654
272	2.56	5	1.27765	0.004	1303482587105654
273	2.569	5	1.27563	0.009	1303482587105654
274	2.58	5	1.26949	0.011	1303482587105654
275	2.58	5	1.27185	0	1303482587105654
276	2.587	5	1.26587	0.007	1303482587105654
277	2.596	5	1.26798	0.009	1303482587105654
278	2.6	5	1.27043	0.004	1303482587105654
279	2.611	5	1.26913	0.011	1303482587105654
280	2.626	5	1.26179	0.015	1303482587105654
281	2.64	5	1.25475	0.014	1303482587105654
282	2.646	5	1.25407	0.006	1303482587105654
283	2.661	5	1.24582	0.015	1303482587105654
284	2.661	5	1.24663	0	1303482587105654
285	2.67	5	1.24704	0.009	1303482587105654
286	2.671	5	1.2501	0.001	1303482587105654
287	2.674	5	1.24809	0.003	1303482587105654
288	2.694	5	1.23869	0.02	1303482587105654
289	2.703	5	1.23887	0.009	1303482587105654
290	2.709	5	1.23666	0.006	1303482587105654
291	2.718	5	1.23186	0.009	1303482587105654
292	2.725	5	1.23385	0.007	1303482587105654
293	2.741	5	1.22797	0.016	1303482587105654
294	2.738	5	1.22693	-0.003	1303482587105654
295	2.754	5	1.21962	0.016	1303482587105654
296	2.763	5	1.21566	0.009	1303482587105654
297	2.782	5	1.21346	0.019	1303482587105654
298	2.772	5	1.21984	-0.01	1303482587105654
299	2.786	5	1.21376	0.014	1303482587105654
300	2.787	5	1.20898	0.001	1303482587105654
301	2.79	5	1.20619	0.003	1303482587105654
302	2.796	5	1.20598	0.006	1303482587105654
303	2.802	5	1.20283	0.006	1303482587105654
304	2.808	5	1.20505	0.006	1303482587105654
305	2.812	5	1.19568	0.004	1303482587105654
306	2.813	5	1.20293	0.001	1303482587105654
307	2.818	5	1.2012	0.005	1303482587105654
308	2.826	5	1.20446	0.008	1303482587105654
309	2.825	5	1.20224	-0.001	1303482587105654
310	2.824	5	1.19709	-0.001	1303482587105654
311	2.834	5	1.19266	0.01	1303482587105654
312	2.855	5	1.18742	0.021	1303482587105654
313	2.853	5	1.1918	-0.002	1303482587105654
314	2.858	5	1.19031	0.005	1303482587105654
315	2.861	5	1.18772	0.003	1303482587105654
316	2.867	5	1.18799	0.006	1303482587105654
317	2.873	5	1.18316	0.006	1303482587105654
318	2.88	5	1.18051	0.007	1303482587105654
319	2.884	5	1.17964	0.004	1303482587105654
320	2.885	5	1.17591	0.001	1303482587105654
321	2.888	5	1.17408	0.003	1303482587105654
322	2.898	5	1.17201	0.01	1303482587105654
323	2.902	5	1.1685	0.004	1303482587105654
324	2.905	5	1.17089	0.003	1303482587105654
325	2.926	5	1.16599	0.021	1303482587105654
326	2.942	5	1.16346	0.016	1303482587105654
327	2.944	5	1.17127	0.002	1303482587105654
328	2.953	5	1.16567	0.009	1303482587105654
329	2.969	5	1.16406	0.016	1303482587105654
330	2.978	5	1.16255	0.009	1303482587105654
331	2.983	5	1.15919	0.005	1303482587105654
332	2.98	5	1.16086	-0.003	1303482587105654
333	2.983	5	1.15183	0.003	1303482587105654
334	2.98	5	1.15438	-0.003	1303482587105654
335	2.992	5	1.14758	0.012	1303482587105654
336	2.985	5	1.15446	-0.007	1303482587105654
337	2.985	5	1.15186	0	1303482587105654
338	2.991	5	1.15235	0.006	1303482587105654
339	2.991	5	1.15235	0	1303482587105654
340	3.003	5	1.14891	0.012	1303482587105654
341	3.021	5	1.14698	0.018	1303482587105654
342	3.021	5	1.1522	0	1303482587105654
343	3.03	5	1.14809	0.009	1303482587105654
344	3.035	5	1.14139	0.005	1303482587105654
345	3.039	5	1.14126	0.004	1303482587105654
346	3.043	5	1.13849	0.004	1303482587105654
347	3.052	5	1.13327	0.009	1303482587105654
348	3.064	5	1.12601	0.012	1303482587105654
349	3.069	5	1.12705	0.005	1303482587105654
350	3.069	5	1.13501	0	1303482587105654
351	3.085	5	1.12773	0.016	1303482587105654
352	3.095	5	1.11892	0.01	1303482587105654
353	3.105	5	1.11802	0.01	1303482587105654
354	3.104	5	1.12035	-0.001	1303482587105654
355	3.111	5	1.1161	0.007	1303482587105654
356	3.119	5	1.11168	0.008	1303482587105654
357	3.121	5	1.10831	0.002	1303482587105654
358	3.13	5	1.10684	0.009	1303482587105654
359	3.133	5	1.1006	0.003	1303482587105654
360	3.148	5	1.09275	0.015	1303482587105654
361	3.16	5	1.0837	0.012	1303482587105654
362	3.172	5	1.0814	0.012	1303482587105654
363	3.178	5	1.08181	0.006	1303482587105654
364	3.187	5	1.08214	0.009	1303482587105654
365	3.19	5	1.07559	0.003	1303482587105654
366	3.194	5	1.06975	0.004	1303482587105654
367	3.201	5	1.06471	0.007	1303482587105654
368	3.205	5	1.06065	0.004	1303482587105654
369	3.206	5	1.06281	0.001	1303482587105654
370	3.207	5	1.06309	0.001	1303482587105654
371	3.221	5	1.0579	0.014	1303482587105654
372	3.224	5	1.05301	0.003	1303482587105654
373	3.235	5	1.04775	0.011	1303482587105654
374	3.242	5	1.04184	0.007	1303482587105654
375	3.244	5	1.04186	0.002	1303482587105654
376	3.245	5	1.04258	0.001	1303482587105654
377	3.242	5	1.0428	-0.003	1303482587105654
378	3.245	5	1.04832	0.003	1303482587105654
379	3.258	5	1.03944	0.013	1303482587105654
380	3.255	5	1.03729	-0.003	1303482587105654
381	3.251	5	1.04163	-0.004	1303482587105654
382	3.255	5	1.03874	0.004	1303482587105654
383	3.265	5	1.03382	0.01	1303482587105654
384	3.266	5	1.03887	0.001	1303482587105654
385	3.266	5	1.03597	0	1303482587105654
386	3.264	5	1.03938	-0.002	1303482587105654
387	3.264	5	1.04513	0	1303482587105654
388	3.267	5	1.04005	0.003	1303482587105654
389	3.281	5	1.02958	0.014	1303482587105654
390	3.279	5	1.03158	-0.002	1303482587105654
391	3.281	5	1.02958	0.002	1303482587105654
392	3.286	5	1.03306	0.005	1303482587105654
393	3.295	5	1.02955	0.009	1303482587105654
394	3.297	5	1.02654	0.002	1303482587105654
395	3.29	5	1.03194	-0.007	1303482587105654
396	3.298	5	1.02771	0.008	1303482587105654
397	3.299	5	1.03179	0.001	1303482587105654
398	3.3	5	1.03102	0.001	1303482587105654
399	3.292	5	1.03476	-0.008	1303482587105654
400	3.29	5	1.03677	-0.002	1303482587105654
401	3.295	5	1.03488	0.005	1303482587105654
402	3.305	5	1.02615	0.01	1303482587105654
403	3.309	5	1.02592	0.004	1303482587105654
404	3.307	5	1.03041	-0.002	1303482587105654
405	3.314	5	1.02245	0.007	1303482587105654
406	3.315	5	1.0241	0.001	1303482587105654
407	3.322	5	1.01947	0.007	1303482587105654
408	3.328	5	1.01805	0.006	1303482587105654
409	3.329	5	1.02507	0.001	1303482587105654
410	3.328	5	1.02343	-0.001	1303482587105654
411	3.325	5	1.02683	-0.003	1303482587105654
412	3.326	5	1.03282	0.001	1303482587105654
413	3.33	5	1.0301	0.004	1303482587105654
414	3.339	5	1.03009	0.009	1303482587105654
415	3.352	5	1.01936	0.013	1303482587105654
416	3.348	5	1.01336	-0.004	1303482587105654
417	3.36	5	1.00369	0.012	1303482587105654
418	3.373	5	0.995927	0.013	1303482587105654
419	3.384	5	0.982112	0.011	1303482587105654
420	3.383	5	0.989096	-0.001	1303482587105654
421	3.382	5	0.985939	-0.001	1303482587105654
422	3.391	5	0.982914	0.009	1303482587105654
423	3.394	5	0.980696	0.003	1303482587105654
424	3.395	5	0.979273	0.001	1303482587105654
425	3.395	5	0.979783	0	1303482587105654
426	3.397	5	0.981525	0.002	1303482587105654
427	3.4	5	0.978775	0.003	1303482587105654
428	3.406	5	0.966004	0.006	1303482587105654
429	3.41	5	0.954935	0.004	1303482587105654
430	3.411	5	0.957642	0.001	1303482587105654
431	3.411	5	0.952407	0	1303482587105654
432	3.416	5	0.952861	0.005	1303482587105654
433	3.425	5	0.945185	0.009	1303482587105654
434	3.425	5	0.947299	0	1303482587105654
435	3.428	5	0.940115	0.003	1303482587105654
436	3.427	5	0.942693	-0.001	1303482587105654
437	3.427	5	0.941101	0	1303482587105654
438	3.43	5	0.940798	0.003	1303482587105654
439	3.438	5	0.934428	0.008	1303482587105654
440	3.436	5	0.93054	-0.002	1303482587105654
441	3.44	5	0.928116	0.004	1303482587105654
442	3.447	5	0.922058	0.007	1303482587105654
443	3.452	5	0.917985	0.005	1303482587105654
444	3.449	5	0.916187	-0.003	1303482587105654
445	3.46	5	0.906863	0.011	1303482587105654
446	3.468	5	0.901097	0.008	1303482587105654
447	3.473	5	0.895137	0.005	1303482587105654
448	3.473	5	0.895696	0	1303482587105654
449	3.469	5	0.900022	-0.004	1303482587105654
450	3.47	5	0.895042	0.001	1303482587105654
451	3.469	5	0.898353	-0.001	1303482587105654
452	3.476	5	0.894105	0.007	1303482587105654
453	3.485	5	0.888693	0.009	1303482587105654
454	3.495	5	0.879758	0.01	1303482587105654
455	3.503	5	0.877491	0.008	1303482587105654
456	3.501	5	0.879772	-0.002	1303482587105654
457	3.504	5	0.872917	0.003	1303482587105654
458	3.504	5	0.879195	0	1303482587105654
459	3.511	5	0.870562	0.007	1303482587105654
460	3.514	5	0.869945	0.003	1303482587105654
461	3.515	5	0.86705	0.001	1303482587105654
462	3.518	5	0.869871	0.003	1303482587105654
463	3.516	5	0.872779	-0.002	1303482587105654
464	3.517	5	0.866436	0.001	1303482587105654
465	3.523	5	0.860506	0.006	1303482587105654
466	3.523	5	0.862827	0	1303482587105654
467	3.53	5	0.855628	0.007	1303482587105654
468	3.538	5	0.850033	0.008	1303482587105654
469	3.535	5	0.849573	-0.003	1303482587105654
470	3.542	5	0.843941	0.007	1303482587105654
471	3.548	5	0.838866	0.006	1303482587105654
472	3.553	5	0.836176	0.005	1303482587105654
473	3.552	5	0.836239	-0.001	1303482587105654
474	3.557	5	0.831114	0.005	1303482587105654
475	3.554	5	0.834916	-0.003	1303482587105654
476	3.561	5	0.829023	0.007	1303482587105654
477	3.558	5	0.836442	-0.003	1303482587105654
478	3.559	5	0.835774	0.001	1303482587105654
479	3.554	5	0.840288	-0.005	1303482587105654
480	3.553	5	0.840352	-0.001	1303482587105654
481	3.552	5	0.845752	-0.001	1303482587105654
482	3.563	5	0.831884	0.011	1303482587105654
483	3.564	5	0.832409	0.001	1303482587105654
484	3.574	5	0.826755	0.01	1303482587105654
485	3.576	5	0.816838	0.002	1303482587105654
486	3.583	5	0.813087	0.007	1303482587105654
487	3.583	5	0.820433	0	1303482587105654
488	3.592	5	0.812734	0.009	1303482587105654
489	3.589	5	0.816749	-0.003	1303482587105654
490	3.595	5	0.811157	0.006	1303482587105654
491	3.598	5	0.811416	0.003	1303482587105654
492	3.595	5	0.817909	-0.003	1303482587105654
493	3.6	5	0.810555	0.005	1303482587105654
494	3.601	5	0.803616	0.001	1303482587105654
495	3.603	5	0.807707	0.002	1303482587105654
496	3.603	5	0.812029	0	1303482587105654
497	3.607	5	0.810895	0.004	1303482587105654
498	3.607	5	0.812743	0	1303482587105654
499	3.614	5	0.802499	0.007	1303482587105654
500	3.614	5	0.804366	0	1303482587105654
501	3.62	5	0.801623	0.006	1303482587105654
502	3.619	5	0.805505	-0.001	1303482587105654
503	3.623	5	0.801169	0.004	1303482587105654
504	3.624	5	0.804129	0.001	1303482587105654
505	3.627	5	0.795532	0.003	1303482587105654
506	3.624	5	0.79726	-0.003	1303482587105654
507	3.623	5	0.799294	-0.001	1303482587105654
508	3.636	5	0.784541	0.013	1303482587105654
509	3.635	5	0.787258	-0.001	1303482587105654
510	3.639	5	0.782738	0.004	1303482587105654
511	3.646	5	0.772453	0.007	1303482587105654
512	3.645	5	0.774581	-0.001	1303482587105654
513	3.644	5	0.775412	-0.001	1303482587105654
514	3.644	5	0.774767	0	1303482587105654
515	3.658	5	0.756991	0.014	1303482587105654
516	3.656	5	0.759384	-0.002	1303482587105654
517	3.654	5	0.764385	-0.002	1303482587105654
518	3.658	5	0.760944	0.004	1303482587105654
519	3.655	5	0.760904	-0.003	1303482587105654
520	3.656	5	0.7607	0.001	1303482587105654
521	3.662	5	0.751502	0.006	1303482587105654
522	3.667	5	0.746399	0.005	1303482587105654
523	3.664	5	0.747064	-0.003	1303482587105654
524	3.669	5	0.743262	0.005	1303482587105654
525	3.672	5	0.741226	0.003	1303482587105654
526	3.679	5	0.731409	0.007	1303482587105654
527	3.683	5	0.723541	0.004	1303482587105654
528	3.693	5	0.709754	0.01	1303482587105654
529	3.693	5	0.708344	0	1303482587105654
530	3.698	5	0.699139	0.005	1303482587105654
531	3.695	5	0.709912	-0.003	1303482587105654
532	3.696	5	0.702555	0.001	1303482587105654
533	3.696	5	0.701843	0	1303482587105654
534	3.692	5	0.706496	-0.004	1303482587105654
535	3.697	5	0.697991	0.005	1303482587105654
536	3.696	5	0.699703	-0.001	1303482587105654
537	3.701	5	0.688185	0.005	1303482587105654
538	3.699	5	0.693108	-0.002	1303482587105654
539	3.703	5	0.689776	0.004	1303482587105654
540	3.709	5	0.687255	0.006	1303482587105654
541	3.714	5	0.678383	0.005	1303482587105654
542	3.716	5	0.678487	0.002	1303482587105654
543	3.716	5	0.67405	0	1303482587105654
544	3.722	5	0.664617	0.006	1303482587105654
545	3.719	5	0.6626	-0.003	1303482587105654
546	3.713	5	0.675004	-0.006	1303482587105654
547	3.712	5	0.677537	-0.001	1303482587105654
548	3.717	5	0.667016	0.005	1303482587105654
549	3.721	5	0.661936	0.004	1303482587105654
550	3.728	5	0.657279	0.007	1303482587105654
551	3.728	5	0.654229	0	1303482587105654
552	3.729	5	0.656932	0.001	1303482587105654
553	3.729	5	0.650814	0	1303482587105654
554	3.73	5	0.65582	0.001	1303482587105654
555	3.733	5	0.649393	0.003	1303482587105654
556	3.734	5	0.649803	0.001	1303482587105654
557	3.734	5	0.657453	0	1303482587105654
558	3.738	5	0.646804	0.004	1303482587105654
559	3.744	5	0.638329	0.006	1303482587105654
560	3.747	5	0.636389	0.003	1303482587105654
561	3.751	5	0.627693	0.004	1303482587105654
562	3.756	5	0.624071	0.005	1303482587105654
563	3.76	5	0.614329	0.004	1303482587105654
564	3.758	5	0.626447	-0.002	1303482587105654
565	3.758	5	0.624849	0	1303482587105654
566	3.759	5	0.622831	0.001	1303482587105654
567	3.756	5	0.627267	-0.003	1303482587105654
568	3.757	5	0.629246	0.001	1303482587105654
569	3.76	5	0.624019	0.003	1303482587105654
570	3.759	5	0.632391	-0.001	1303482587105654
571	3.762	5	0.628773	0.003	1303482587105654
572	3.767	5	0.617018	0.005	1303482587105654
573	3.767	5	0.618636	0	1303482587105654
574	3.773	5	0.61194	0.006	1303482587105654
575	3.767	5	0.621861	-0.006	1303482587105654
576	3.762	5	0.631154	-0.005	1303482587105654
577	3.768	5	0.619819	0.006	1303482587105654
578	3.767	5	0.627464	-0.001	1303482587105654
579	3.765	5	0.629107	-0.002	1303482587105654
580	3.764	5	0.630321	-0.001	1303482587105654
581	3.764	5	0.633486	0	1303482587105654
582	3.763	5	0.631531	-0.001	1303482587105654
583	3.763	5	0.633112	0	1303482587105654
584	3.765	5	0.631486	0.002	1303482587105654
585	3.759	5	0.640249	-0.006	1303482587105654
586	3.764	5	0.634274	0.005	1303482587105654
587	3.763	5	0.633112	-0.001	1303482587105654
588	3.763	5	0.633112	0	1303482587105654
589	3.762	5	0.64059	-0.001	1303482587105654
590	3.765	5	0.630694	0.003	1303482587105654
591	3.765	5	0.635433	0	1303482587105654
592	3.769	5	0.616959	0.004	1303482587105654
593	3.77	5	0.623779	0.001	1303482587105654
594	3.77	5	0.622977	0	1303482587105654
595	3.774	5	0.609856	0.004	1303482587105654
596	3.772	5	0.620497	-0.002	1303482587105654
597	3.781	5	0.610769	0.009	1303482587105654
598	3.78	5	0.611228	-0.001	1303482587105654
599	3.783	5	0.604079	0.003	1303482587105654
600	3.783	5	0.599926	0	1303482587105654
601	3.777	5	0.620702	-0.006	1303482587105654
602	3.78	5	0.607124	0.003	1303482587105654
603	3.778	5	0.604745	-0.002	1303482587105654
604	3.771	5	0.622542	-0.007	1303482587105654
605	3.766	5	0.62068	-0.005	1303482587105654
606	3.766	5	0.622289	0	1303482587105654
607	3.771	5	0.617705	0.005	1303482587105654
608	3.766	5	0.630273	-0.005	1303482587105654
609	3.768	5	0.632595	0.002	1303482587105654
610	3.765	5	0.638573	-0.003	1303482587105654
611	3.77	5	0.630159	0.005	1303482587105654
612	3.773	5	0.630453	0.003	1303482587105654
613	3.772	5	0.629298	-0.001	1303482587105654
614	3.778	5	0.61864	0.006	1303482587105654
615	3.78	5	0.616928	0.002	1303482587105654
616	3.78	5	0.613677	0	1303482587105654
617	3.779	5	0.617381	-0.001	1303482587105654
618	3.786	5	0.604321	0.007	1303482587105654
619	3.784	5	0.603609	-0.002	1303482587105654
620	3.785	5	0.60562	0.001	1303482587105654
621	3.783	5	0.609845	-0.002	1303482587105654
622	3.782	5	0.610308	-0.001	1303482587105654
623	3.784	5	0.605264	0.002	1303482587105654
624	3.785	5	0.606445	0.001	1303482587105654
625	3.792	5	0.593073	0.007	1303482587105654
626	3.796	5	0.591087	0.004	1303482587105654
627	3.797	5	0.58889	0.001	1303482587105654
628	3.803	5	0.575492	0.006	1303482587105654
629	3.802	5	0.583777	-0.001	1303482587105654
630	3.803	5	0.57982	0.001	1303482587105654
631	3.805	5	0.570942	0.002	1303482587105654
632	3.809	5	0.567026	0.004	1303482587105654
633	3.808	5	0.572832	-0.001	1303482587105654
634	3.81	5	0.571752	0.002	1303482587105654
635	3.815	5	0.567252	0.005	1303482587105654
636	3.819	5	0.558784	0.004	1303482587105654
637	3.821	5	0.550417	0.002	1303482587105654
638	3.824	5	0.544081	0.003	1303482587105654
639	3.832	5	0.539236	0.008	1303482587105654
640	3.837	5	0.521949	0.005	1303482587105654
641	3.838	5	0.516484	0.001	1303482587105654
642	3.838	5	0.525125	0	1303482587105654
643	3.842	5	0.508956	0.004	1303482587105654
644	3.841	5	0.512561	-0.001	1303482587105654
645	3.841	5	0.523182	0	1303482587105654
646	3.847	5	0.515355	0.006	1303482587105654
647	3.85	5	0.502494	0.003	1303482587105654
648	3.855	5	0.490892	0.005	1303482587105654
649	3.856	5	0.490167	0.001	1303482587105654
650	3.856	5	0.492203	0	1303482587105654
651	3.855	5	0.49191	-0.001	1303482587105654
652	3.86	5	0.475815	0.005	1303482587105654
653	3.86	5	0.481041	0	1303482587105654
654	3.858	5	0.482531	-0.002	1303482587105654
655	3.858	5	0.484599	0	1303482587105654
656	3.859	5	0.479707	0.001	1303482587105654
657	3.861	5	0.474003	0.002	1303482587105654
658	3.862	5	0.477447	0.001	1303482587105654
659	3.862	5	0.475348	0	1303482587105654
660	3.866	5	0.462649	0.004	1303482587105654
661	3.866	5	0.460482	0	1303482587105654
662	3.87	4	0.45288	0.004	1303482587105654
663	3.869	4	0.452591	-0.001	1303482587105654
664	3.869	4	0.463507	0	1303482587105654
665	3.867	4	0.461856	-0.002	1303482587105654
666	3.871	4	0.464068	0.004	1303482587105654
667	3.873	4	0.455929	0.002	1303482587105654
668	3.871	4	0.461908	-0.002	1303482587105654
669	3.874	4	0.447352	0.003	1303482587105654
670	3.879	4	0.440862	0.005	1303482587105654
671	3.88	4	0.438862	0.001	1303482587105654
672	3.883	4	0.432794	0.003	1303482587105654
673	3.879	4	0.440862	-0.004	1303482587105654
674	3.883	4	0.428148	0.004	1303482587105654
675	3.88	4	0.446766	-0.003	1303482587105654
676	3.879	4	0.446496	-0.001	1303482587105654
677	3.878	4	0.454	-0.001	1303482587105654
678	3.879	4	0.441994	0.001	1303482587105654
679	3.88	4	0.444522	0.001	1303482587105654
680	3.883	4	0.44194	0.003	1303482587105654
681	3.886	4	0.435894	0.003	1303482587105654
682	3.885	4	0.437921	-0.001	1303482587105654
683	3.882	4	0.445057	-0.003	1303482587105654
684	3.887	4	0.44185	0.005	1303482587105654
685	3.887	4	0.431545	0	1303482587105654
686	3.883	4	0.444197	-0.004	1303482587105654
687	3.885	4	0.445842	0.002	1303482587105654
688	3.883	4	0.4509	-0.002	1303482587105654
689	3.881	4	0.461345	-0.002	1303482587105654
690	3.876	4	0.473945	-0.005	1303482587105654
691	3.878	4	0.464883	0.002	1303482587105654
692	3.876	4	0.466502	-0.002	1303482587105654
693	3.875	4	0.475789	-0.001	1303482587105654
694	3.872	4	0.489506	-0.003	1303482587105654
695	3.875	4	0.479974	0.003	1303482587105654
696	3.875	4	0.484123	0	1303482587105654
697	3.879	4	0.476822	0.004	1303482587105654
698	3.884	4	0.466416	0.005	1303482587105654
699	3.884	4	0.468555	0	1303482587105654
700	3.888	4	0.457664	0.004	1303482587105654
701	3.888	4	0.455473	0	1303482587105654
702	3.891	4	0.450687	0.003	1303482587105654
703	3.89	4	0.450444	-0.001	1303482587105654
704	3.893	4	0.446711	0.003	1303482587105654
705	3.891	4	0.450687	-0.002	1303482587105654
706	3.887	4	0.46393	-0.004	1303482587105654
707	3.884	4	0.471746	-0.003	1303482587105654
708	3.881	4	0.480457	-0.003	1303482587105654
709	3.879	4	0.480998	-0.002	1303482587105654
710	3.88	4	0.486415	0.001	1303482587105654
711	3.876	4	0.488492	-0.004	1303482587105654
712	3.877	4	0.493833	0.001	1303482587105654
713	3.876	4	0.490534	-0.001	1303482587105654
714	3.876	4	0.487467	0	1303482587105654
715	3.878	4	0.475517	0.002	1303482587105654
716	3.878	4	0.478661	0	1303482587105654
717	3.883	4	0.465092	0.005	1303482587105654
718	3.891	4	0.443981	0.008	1303482587105654
719	3.889	4	0.457907	-0.002	1303482587105654
720	3.887	4	0.462851	-0.002	1303482587105654
721	3.885	4	0.468802	-0.002	1303482587105654
722	3.886	4	0.463685	0.001	1303482587105654
723	3.888	4	0.457664	0.002	1303482587105654
724	3.891	4	0.449576	0.003	1303482587105654
725	3.892	4	0.446471	0.001	1303482587105654
726	3.89	4	0.447102	-0.002	1303482587105654
727	3.889	4	0.461171	-0.001	1303482587105654
728	3.891	4	0.454003	0.002	1303482587105654
729	3.895	4	0.439289	0.004	1303482587105654
730	3.894	4	0.44583	-0.001	1303482587105654
731	3.896	4	0.436101	0.002	1303482587105654
732	3.897	4	0.43173	0.001	1303482587105654
733	3.896	4	0.438388	-0.001	1303482587105654
734	3.901	4	0.424499	0.005	1303482587105654
735	3.902	4	0.42237	0.001	1303482587105654
736	3.902	4	0.416408	0	1303482587105654
737	3.902	4	0.418803	0	1303482587105654
738	3.898	4	0.428481	-0.004	1303482587105654
739	3.901	4	0.425675	0.003	1303482587105654
740	3.904	4	0.41326	0.003	1303482587105654
741	3.904	4	0.427532	0	1303482587105654
742	3.906	4	0.412509	0.002	1303482587105654
743	3.911	4	0.400099	0.005	1303482587105654
744	3.911	4	0.405067	0	1303482587105654
745	3.911	4	0.40259	0	1303482587105654
746	3.913	4	0.390424	0.002	1303482587105654
747	3.913	4	0.394247	0	1303482587105654
748	3.913	4	0.392977	0	1303482587105654
749	3.915	4	0.392142	0.002	1303482587105654
750	3.917	4	0.387442	0.002	1303482587105654
751	3.918	4	0.379837	0.001	1303482587105654
752	3.918	4	0.38246	0	1303482587105654
753	3.919	4	0.377411	0.001	1303482587105654
754	3.921	4	0.364361	0.002	1303482587105654
755	3.922	4	0.365945	0.001	1303482587105654
756	3.922	4	0.364576	0	1303482587105654
757	3.923	4	0.366157	0.001	1303482587105654
758	3.924	4	0.360866	0.001	1303482587105654
759	3.921	4	0.371159	-0.003	1303482587105654
760	3.922	4	0.357653	0.001	1303482587105654
761	3.924	4	0.351033	0.002	1303482587105654
762	3.925	4	0.349821	0.001	1303482587105654
763	3.926	4	0.350034	0.001	1303482587105654
764	3.927	4	0.353088	0.001	1303482587105654
765	3.929	4	0.346351	0.002	1303482587105654
766	3.929	4	0.343452	0	1303482587105654
767	3.928	4	0.346144	-0.001	1303482587105654
768	3.927	4	0.344487	-0.001	1303482587105654
769	3.928	4	0.346144	0.001	1303482587105654
770	3.93	4	0.331813	0.002	1303482587105654
771	3.934	4	0.315664	0.004	1303482587105654
772	3.936	4	0.311294	0.002	1303482587105654
773	3.937	4	0.320984	0.001	1303482587105654
774	3.937	4	0.319423	0	1303482587105654
775	3.937	4	0.316277	0	1303482587105654
776	3.934	4	0.340065	-0.003	1303482587105654
777	3.937	4	0.317854	0.003	1303482587105654
778	3.939	4	0.316669	0.002	1303482587105654
779	3.939	4	0.315086	0	1303482587105654
780	3.939	3	0.315086	0	1303482587105654
781	3.94	3	0.307246	0.001	1303482587105654
782	3.939	3	0.315086	-0.001	1303482587105654
783	3.94	3	0.310483	0.001	1303482587105654
784	3.94	3	0.310483	0	1303482587105654
785	3.94	3	0.308869	0	1303482587105654
786	3.939	3	0.308673	-0.001	1303482587105654
787	3.938	3	0.31805	-0.001	1303482587105654
788	3.937	3	0.324085	-0.001	1303482587105654
789	3.937	3	0.324085	0	1303482587105654
790	3.94	3	0.31209	0.003	1303482587105654
791	3.938	3	0.31805	-0.002	1303482587105654
792	3.94	3	0.318434	0.002	1303482587105654
793	3.94	3	0.315278	0	1303482587105654
794	3.941	3	0.31228	0.001	1303482587105654
795	3.939	3	0.311896	-0.002	1303482587105654
796	3.937	3	0.327156	-0.002	1303482587105654
797	3.938	3	0.321179	0.001	1303482587105654
798	3.941	3	0.31228	0.003	1303482587105654
799	3.942	3	0.320369	0.001	1303482587105654
800	3.944	3	0.308	0.002	1303482587105654
801	3.946	3	0.306731	0.002	1303482587105654
802	3.949	3	0.290515	0.003	1303482587105654
803	3.948	3	0.293762	-0.001	1303482587105654
804	3.949	3	0.285305	0.001	1303482587105654
805	3.947	3	0.29697	-0.002	1303482587105654
806	3.947	3	0.301978	0	1303482587105654
807	3.944	3	0.308	-0.003	1303482587105654
808	3.945	3	0.301621	0.001	1303482587105654
809	3.947	3	0.295281	0.002	1303482587105654
810	3.946	3	0.298469	-0.001	1303482587105654
811	3.945	3	0.306553	-0.001	1303482587105654
812	3.946	3	0.303453	0.001	1303482587105654
813	3.945	3	0.294915	-0.001	1303482587105654
814	3.946	3	0.2951	0.001	1303482587105654
815	3.945	3	0.289784	-0.001	1303482587105654
816	3.947	3	0.28669	0.002	1303482587105654
817	3.947	3	0.293583	0	1303482587105654
818	3.948	3	0.278022	0.001	1303482587105654
819	3.945	3	0.299958	-0.003	1303482587105654
820	3.945	3	0.306553	0	1303482587105654
821	3.947	3	0.28669	0.002	1303482587105654
822	3.946	3	0.2951	-0.001	1303482587105654
823	3.947	3	0.288429	0.001	1303482587105654
824	3.948	3	0.28861	0.001	1303482587105654
825	3.948	3	0.283365	0	1303482587105654
826	3.948	3	0.285125	0	1303482587105654
827	3.95	3	0.271109	0.002	1303482587105654
828	3.948	3	0.28861	-0.002	1303482587105654
829	3.947	3	0.28494	-0.001	1303482587105654
830	3.945	3	0.296606	-0.002	1303482587105654
831	3.947	3	0.288429	0.002	1303482587105654
832	3.947	3	0.28318	0	1303482587105654
833	3.947	3	0.28318	0	1303482587105654
834	3.949	3	0.281778	0.002	1303482587105654
835	3.949	3	0.288789	0	1303482587105654
836	3.949	3	0.281778	0	1303482587105654
837	3.954	3	0.264356	0.005	1303482587105654
838	3.955	3	0.270139	0.001	1303482587105654
839	3.954	3	0.275471	-0.001	1303482587105654
840	3.954	3	0.273649	0	1303482587105654
841	3.953	3	0.282473	-0.001	1303482587105654
842	3.954	3	0.268112	0.001	1303482587105654
843	3.952	3	0.27694	-0.002	1303482587105654
844	3.952	3	0.280528	0	1303482587105654
845	3.954	3	0.273649	0.002	1303482587105654
846	3.955	3	0.268282	0.001	1303482587105654
847	3.956	3	0.2628	0.001	1303482587105654
848	3.955	3	0.270139	-0.001	1303482587105654
849	3.956	3	0.258967	0.001	1303482587105654
850	3.956	3	0.268447	0	1303482587105654
851	3.955	3	0.268282	-0.001	1303482587105654
852	3.954	3	0.279077	-0.001	1303482587105654
853	3.955	3	0.273816	0.001	1303482587105654
854	3.957	3	0.25328	0.002	1303482587105654
855	3.958	3	0.253448	0.001	1303482587105654
856	3.957	3	0.26486	-0.001	1303482587105654
857	3.957	3	0.262966	0	1303482587105654
858	3.959	3	0.243555	0.002	1303482587105654
859	3.956	3	0.264696	-0.003	1303482587105654
860	3.957	3	0.26486	0.001	1303482587105654
861	3.959	3	0.257525	0.002	1303482587105654
862	3.959	3	0.257525	0	1303482587105654
863	3.961	3	0.253927	0.002	1303482587105654
864	3.963	3	0.240065	0.002	1303482587105654
865	3.963	3	0.254226	0	1303482587105654
866	3.964	3	0.244344	0.001	1303482587105654
867	3.964	3	0.233889	0	1303482587105654
868	3.963	3	0.252252	-0.001	1303482587105654
869	3.964	3	0.236017	0.001	1303482587105654
870	3.965	3	0.236167	0.001	1303482587105654
871	3.967	3	0.221158	0.002	1303482587105654
872	3.967	3	0.225635	0	1303482587105654
873	3.966	3	0.23842	-0.001	1303482587105654
874	3.967	3	0.232187	0.001	1303482587105654
875	3.968	3	0.221305	0.001	1303482587105654
876	3.967	3	0.23856	-0.001	1303482587105654
877	3.971	3	0.205327	0.004	1303482587105654
878	3.97	3	0.214709	-0.001	1303482587105654
879	3.971	3	0.214846	0.001	1303482587105654
880	3.971	3	0.226184	0	1303482587105654
881	3.971	3	0.232721	0	1303482587105654
882	3.974	3	0.205728	0.003	1303482587105654
883	3.973	3	0.210407	-0.001	1303482587105654
884	3.972	3	0.205465	-0.001	1303482587105654
885	3.973	3	0.205599	0.001	1303482587105654
886	3.971	3	0.228383	-0.002	1303482587105654
887	3.973	3	0.200676	0.002	1303482587105654
888	3.972	3	0.219581	-0.001	1303482587105654
889	3.97	3	0.228254	-0.002	1303482587105654
890	3.97	3	0.228254	0	1303482587105654
891	3.971	3	0.223962	0.001	1303482587105654
892	3.972	3	0.214979	0.001	1303482587105654
893	3.973	3	0.205599	0.001	1303482587105654
894	3.974	3	0.203283	0.001	1303482587105654
895	3.975	3	0.203408	0.001	1303482587105654
896	3.976	3	0.220055	0.001	1303482587105654
897	3.979	3	0.177649	0.003	1303482587105654
898	3.979	3	0.185901	0	1303482587105654
899	3.978	3	0.196255	-0.001	1303482587105654
900	3.978	3	0.183074	0	1303482587105654
901	3.977	3	0.193574	-0.001	1303482587105654
902	3.974	3	0.21523	-0.003	1303482587105654
903	3.975	3	0.205852	0.001	1303482587105654
904	3.974	3	0.210533	-0.001	1303482587105654
905	3.974	3	0.208144	0	1303482587105654
906	3.973	3	0.221971	-0.001	1303482587105654
907	3.976	3	0.193453	0.003	1303482587105654
908	3.975	3	0.208267	-0.001	1303482587105654
909	3.975	3	0.205852	0	1303482587105654
910	3.974	3	0.23092	-0.001	1303482587105654
911	3.975	3	0.219943	0.001	1303482587105654
912	3.978	3	0.19369	0.003	1303482587105654
913	3.977	3	0.203644	-0.001	1303482587105654
914	3.978	3	0.201286	0.001	1303482587105654
915	3.979	3	0.198894	0.001	1303482587105654
916	3.98	3	0.177764	0.001	1303482587105654
917	3.977	3	0.210881	-0.003	1303482587105654
918	3.979	3	0.180441	0.002	1303482587105654
919	3.976	3	0.215462	-0.003	1303482587105654
920	3.979	3	0.180441	0.003	1303482587105654
921	3.978	3	0.203755	-0.001	1303482587105654
922	3.979	3	0.188571	0.001	1303482587105654
923	3.98	3	0.166132	0.001	1303482587105654
924	3.979	3	0.201393	-0.001	1303482587105654
925	3.98	3	0.180555	0.001	1303482587105654
926	3.98	3	0.183303	0	1303482587105654
927	3.98	3	0.201494	0	1303482587105654
928	3.98	3	0.186011	0	1303482587105654
929	3.981	3	0.186116	0.001	1303482587105654
930	3.983	3	0.169443	0.002	1303482587105654
931	3.982	3	0.188881	-0.001	1303482587105654
932	3.984	3	0.160449	0.002	1303482587105654
933	3.983	3	0.180862	-0.001	1303482587105654
934	3.982	3	0.18351	-0.001	1303482587105654
935	3.982	3	0.18351	0	1303482587105654
936	3.983	3	0.172369	0.001	1303482587105654
937	3.984	3	0.160449	0.001	1303482587105654
938	3.984	3	0.186397	0	1303482587105654
939	3.985	3	0.163631	0.001	1303482587105654
940	3.985	3	0.163631	0	1303482587105654
941	3.983	3	0.183606	-0.002	1303482587105654
942	3.984	3	0.163536	0.001	1303482587105654
943	3.984	3	0.178168	0	1303482587105654
944	3.985	3	0.166658	0.001	1303482587105654
945	3.985	3	0.160546	0	1303482587105654
946	3.985	3	0.150914	0	1303482587105654
947	3.986	3	0.15101	0.001	1303482587105654
948	3.987	3	0.147753	0.001	1303482587105654
949	3.988	3	0.154454	0.001	1303482587105654
950	3.988	3	0.169871	0	1303482587105654
951	3.99	3	0.151327	0.002	1303482587105654
952	3.992	3	0.113737	0.002	1303482587105654
953	3.992	3	0.118051	0	1303482587105654
954	3.991	3	0.154658	-0.001	1303482587105654
955	3.991	3	0.148051	0	1303482587105654
956	3.992	3	0.126238	0.001	1303482587105654
957	3.991	3	0.148051	-0.001	1303482587105654
958	3.992	3	0.109252	0.001	1303482587105654
959	3.99	3	0.147986	-0.002	1303482587105654
960	3.99	3	0.144568	0	1303482587105654
961	3.989	3	0.147916	-0.001	1303482587105654
962	3.988	3	0.157658	-0.001	1303482587105654
963	3.989	3	0.144496	0.001	1303482587105654
964	3.989	3	0.147916	0	1303482587105654
965	3.989	3	0.140993	0	1303482587105654
966	3.989	3	0.154528	0	1303482587105654
967	3.989	3	0.154528	0	1303482587105654
968	3.989	3	0.151258	0	1303482587105654
969	3.988	3	0.160798	-0.001	1303482587105654
970	3.99	3	0.13	0.002	1303482587105654
971	3.989	3	0.151258	-0.001	1303482587105654
972	3.99	3	0.147986	0.001	1303482587105654
973	3.99	3	0.144568	0	1303482587105654
974	3.991	3	0.144634	0.001	1303482587105654
975	3.991	3	0.144634	0	1303482587105654
976	3.991	3	0.148051	0	1303482587105654
977	3.991	3	0.148051	0	1303482587105654
978	3.992	3	0.130138	0.001	1303482587105654
979	3.992	3	0.141195	0	1303482587105654
980	3.993	3	0.130196	0.001	1303482587105654
981	3.993	3	0.126297	0	1303482587105654
982	3.994	3	0.0998198	0.001	1303482587105654
983	3.993	3	0.126297	-0.001	1303482587105654
984	3.992	3	0.141195	-0.001	1303482587105654
985	3.992	3	0.133925	0	1303482587105654
986	3.992	3	0.118051	0	1303482587105654
987	3.991	3	0.160994	-0.001	1303482587105654
988	3.991	3	0.148051	0	1303482587105654
989	3.992	3	0.137608	0.001	1303482587105654
990	3.99	3	0.175784	-0.002	1303482587105654
991	3.992	3	0.126238	0.002	1303482587105654
992	3.992	3	0.130138	0	1303482587105654
993	3.992	3	0.154713	0	1303482587105654
994	3.994	3	0.118169	0.002	1303482587105654
995	3.994	3	0.10938	0	1303482587105654
996	3.992	3	0.161047	-0.002	1303482587105654
997	3.992	3	0.154713	0	1303482587105654
998	3.993	3	0.133981	0.001	1303482587105654
999	3.993	3	0.130196	0	1303482587105654
1000	3.993	3	0.144745	0	1303482587105654
1001	3.994	3	0.11386	0.001	1303482587105654
1002	3.994	3	0.10938	0	1303482587105654
1003	3.994	3	0.104709	0	1303482587105654
1004	3.994	3	0.104709	0	1303482587105654
1005	3.993	3	0.141248	-0.001	1303482587105654
1006	3.994	3	0.10938	0.001	1303482587105654
1007	3.994	3	0.118169	0	1303482587105654
1008	3.994	3	0.122327	0	1303482587105654
1009	3.993	3	0.141248	-0.001	1303482587105654
1010	3.992	3	0.151446	-0.001	1303482587105654
1011	3.992	3	0.151446	0	1303482587105654
1012	3.992	3	0.154713	0	1303482587105654
1013	3.991	3	0.160994	-0.001	1303482587105654
1014	3.992	3	0.141195	0.001	1303482587105654
1015	3.992	3	0.144693	0	1303482587105654
1016	3.992	3	0.137608	0	1303482587105654
1017	3.991	3	0.16407	-0.001	1303482587105654
1018	3.992	3	0.122213	0.001	1303482587105654
1019	3.991	3	0.144634	-0.001	1303482587105654
1020	3.99	3	0.154596	-0.001	1303482587105654
1021	3.989	3	0.157731	-0.001	1303482587105654
1022	3.988	3	0.169871	-0.001	1303482587105654
1023	3.989	3	0.163948	0.001	1303482587105654
1024	3.988	3	0.163878	-0.001	1303482587105654
1025	3.989	3	0.169938	0.001	1303482587105654
1026	3.991	3	0.130073	0.002	1303482587105654
1027	3.99	3	0.154596	-0.001	1303482587105654
1028	3.99	3	0.154596	0	1303482587105654
1029	3.99	3	0.141067	0	1303482587105654
1030	3.989	3	0.163948	-0.001	1303482587105654
1031	3.988	3	0.175659	-0.001	1303482587105654
1032	3.99	3	0.157797	0.002	1303482587105654
1033	3.99	3	0.160935	0	1303482587105654
1034	3.991	3	0.141135	0.001	1303482587105654
1035	3.991	3	0.137546	0	1303482587105654
1036	3.99	3	0.151327	-0.001	1303482587105654
1037	3.991	3	0.154658	0.001	1303482587105654
1038	3.99	3	0.167033	-0.001	1303482587105654
1039	3.991	3	0.141135	0.001	1303482587105654
1040	3.991	3	0.137546	0	1303482587105654
1041	3.991	3	0.141135	0	1303482587105654
1042	3.99	3	0.175784	-0.001	1303482587105654
1043	3.99	3	0.175784	0	1303482587105654
1044	3.993	3	0.133981	0.003	1303482587105654
1045	3.993	3	0.137663	0	1303482587105654
1046	3.993	3	0.126297	0	1303482587105654
1047	3.992	3	0.154713	-0.001	1303482587105654
1048	3.994	3	0.118169	0.002	1303482587105654
1049	3.994	3	0.126349	0	1303482587105654
1050	3.994	3	0.126349	0	1303482587105654
1051	3.993	3	0.144745	-0.001	1303482587105654
1052	3.993	3	0.151496	0	1303482587105654
1053	3.994	3	0.118169	0.001	1303482587105654
1054	3.993	3	0.126297	-0.001	1303482587105654
1055	3.993	3	0.148159	0	1303482587105654
1056	3.994	3	0.118169	0.001	1303482587105654
1057	3.995	3	0.122372	0.001	1303482587105654
1058	3.995	3	0.113908	0	1303482587105654
1059	3.995	3	0.118216	0	1303482587105654
1060	3.996	3	0.104805	0.001	1303482587105654
1061	3.995	3	0.113908	-0.001	1303482587105654
1062	3.994	3	0.148203	-0.001	1303482587105654
1063	3.995	3	0.118216	0.001	1303482587105654
1064	3.995	3	0.104762	0	1303482587105654
1065	3.995	3	0.118216	0	1303482587105654
1066	3.996	3	0.104805	0.001	1303482587105654
1067	3.995	3	0.126392	-0.001	1303482587105654
1068	3.995	3	0.118216	0	1303482587105654
1069	3.993	3	0.161093	-0.002	1303482587105654
1070	3.993	3	0.144745	0	1303482587105654
1071	3.993	3	0.144745	0	1303482587105654
1072	3.993	3	0.154761	0	1303482587105654
1073	3.994	3	0.130246	0.001	1303482587105654
1074	3.995	3	0.118216	0.001	1303482587105654
1075	3.996	3	0.109471	0.001	1303482587105654
1076	3.996	3	0.104805	0	1303482587105654
1077	3.995	3	0.13775	-0.001	1303482587105654
1078	3.995	3	0.130288	0	1303482587105654
1079	3.995	3	0.126392	0	1303482587105654
1080	3.994	3	0.13771	-0.001	1303482587105654
1081	3.995	3	0.10943	0.001	1303482587105654
1082	3.995	3	0.10943	0	1303482587105654
1083	3.994	3	0.13771	-0.001	1303482587105654
1084	3.994	3	0.122327	0	1303482587105654
1085	3.994	3	0.10938	0	1303482587105654
1086	3.993	3	0.144745	-0.001	1303482587105654
1087	3.993	3	0.148159	0	1303482587105654
1088	3.993	3	0.137663	0	1303482587105654
1089	3.992	3	0.161047	-0.001	1303482587105654
1090	3.993	3	0.141248	0.001	1303482587105654
1091	3.993	3	0.137663	0	1303482587105654
1092	3.993	3	0.141248	0	1303482587105654
1093	3.993	3	0.130196	0	1303482587105654
1094	3.992	3	0.151446	-0.001	1303482587105654
1095	3.992	3	0.144693	0	1303482587105654
1096	3.991	3	0.160994	-0.001	1303482587105654
1097	3.992	3	0.144693	0.001	1303482587105654
1098	3.991	3	0.154658	-0.001	1303482587105654
1099	3.99	3	0.178606	-0.001	1303482587105654
1100	3.991	3	0.154658	0.001	1303482587105654
1101	3.992	3	0.137608	0.001	1303482587105654
1102	3.992	3	0.141195	0	1303482587105654
1103	3.992	3	0.157911	0	1303482587105654
1104	3.992	3	0.161047	0	1303482587105654
1105	3.993	3	0.137663	0.001	1303482587105654
1106	3.993	3	0.141248	0	1303482587105654
1107	3.993	3	0.137663	0	1303482587105654
1108	3.993	3	0.148159	0	1303482587105654
1109	3.994	3	0.13771	0.001	1303482587105654
1110	3.993	3	0.154761	-0.001	1303482587105654
1111	3.993	3	0.154761	0	1303482587105654
1112	3.994	3	0.118169	0.001	1303482587105654
1113	3.993	3	0.130196	-0.001	1303482587105654
1114	3.993	3	0.133981	0	1303482587105654
1115	3.991	3	0.16407	-0.002	1303482587105654
1116	3.991	3	0.157858	0	1303482587105654
1117	3.991	3	0.154658	0	1303482587105654
1118	3.991	3	0.137546	0	1303482587105654
1119	3.989	3	0.172855	-0.002	1303482587105654
1120	3.99	3	0.151327	0.001	1303482587105654
1121	3.989	3	0.172855	-0.001	1303482587105654
1122	3.99	3	0.154596	0.001	1303482587105654
1123	3.989	3	0.172855	-0.001	1303482587105654
1124	3.99	3	0.160935	0.001	1303482587105654
1125	3.99	3	0.17	0	1303482587105654
1126	3.99	3	0.172916	0	1303482587105654
1127	3.99	3	0.175784	0	1303482587105654
1128	3.992	3	0.137608	0.002	1303482587105654
1129	3.991	3	0.160994	-0.001	1303482587105654
1130	3.992	3	0.137608	0.001	1303482587105654
1131	3.991	3	0.160994	-0.001	1303482587105654
1132	3.992	3	0.141195	0.001	1303482587105654
1133	3.992	3	0.154713	0	1303482587105654
1134	3.992	3	0.151446	0	1303482587105654
1135	3.993	3	0.126297	0.001	1303482587105654
1136	3.992	3	0.157911	-0.001	1303482587105654
1137	3.994	3	0.122327	0.002	1303482587105654
1138	3.993	3	0.133981	-0.001	1303482587105654
1139	3.991	3	0.160994	-0.002	1303482587105654
1140	3.991	3	0.16407	0	1303482587105654
1141	3.99	3	0.175784	-0.001	1303482587105654
1142	3.989	3	0.181326	-0.001	1303482587105654
1143	3.989	3	0.16087	0	1303482587105654
1144	3.988	3	0.163878	-0.001	1303482587105654
1145	3.987	3	0.178412	-0.001	1303482587105654
1146	3.988	3	0.172789	0.001	1303482587105654
1147	3.988	3	0.166901	0	1303482587105654
1148	3.988	3	0.169871	0	1303482587105654
1149	3.988	3	0.166901	0	1303482587105654
1150	3.99	3	0.133791	0.002	1303482587105654
1151	3.99	3	0.144568	0	1303482587105654
1152	3.99	3	0.144568	0	1303482587105654
1153	3.989	3	0.154528	-0.001	1303482587105654
1154	3.989	3	0.169938	0	1303482587105654
1155	3.989	3	0.16697	0	1303482587105654
1156	3.989	3	0.169938	0	1303482587105654
1157	3.99	3	0.147986	0.001	1303482587105654
1158	3.989	3	0.169938	-0.001	1303482587105654
1159	3.988	3	0.160798	-0.001	1303482587105654
1160	3.988	3	0.163878	0	1303482587105654
1161	3.988	3	0.169871	0	1303482587105654
1162	3.989	3	0.16697	0.001	1303482587105654
1163	3.989	3	0.157731	0	1303482587105654
1164	3.988	3	0.172789	-0.001	1303482587105654
1165	3.988	3	0.181262	0	1303482587105654
1166	3.99	3	0.137477	0.002	1303482587105654
1167	3.99	3	0.147986	0	1303482587105654
1168	3.99	3	0.154596	0	1303482587105654
1169	3.991	3	0.141135	0.001	1303482587105654
1170	3.99	3	0.172916	-0.001	1303482587105654
1171	3.991	3	0.157858	0.001	1303482587105654
1172	3.991	3	0.160994	0	1303482587105654
1173	3.991	3	0.144634	0	1303482587105654
1174	3.991	3	0.15139	0	1303482587105654
1175	3.991	3	0.157858	0	1303482587105654
1176	3.992	3	0.133925	0.001	1303482587105654
1177	3.992	3	0.141195	0	1303482587105654
1178	3.993	3	0.126297	0.001	1303482587105654
1179	3.993	3	0.133981	0	1303482587105654
1180	3.993	3	0.126297	0	1303482587105654
1181	3.993	3	0.137663	0	1303482587105654
1182	3.993	3	0.144745	0	1303482587105654
1183	3.993	3	0.148159	0	1303482587105654
1184	3.993	3	0.141248	0	1303482587105654
1185	3.993	3	0.130196	0	1303482587105654
1186	3.994	3	0.0892412	0.001	1303482587105654
1187	3.992	3	0.144693	-0.002	1303482587105654
1188	3.992	3	0.137608	0	1303482587105654
1189	3.993	3	0.126297	0.001	1303482587105654
1190	3.994	3	0.13771	0.001	1303482587105654
1191	3.995	3	0.104762	0.001	1303482587105654
1192	3.994	3	0.130246	-0.001	1303482587105654
1193	3.994	3	0.118169	0	1303482587105654
1194	3.994	3	0.126349	0	1303482587105654
1195	3.993	3	0.141248	-0.001	1303482587105654
1196	3.994	3	0.122327	0.001	1303482587105654
1197	3.995	3	0.0947365	0.001	1303482587105654
1198	3.993	3	0.144745	-0.002	1303482587105654
1199	3.994	3	0.118169	0.001	1303482587105654
1200	3.994	3	0.122327	0	1303482587105654
1201	3.993	3	0.148159	-0.001	1303482587105654
1202	3.993	3	0.137663	0	1303482587105654
1203	3.993	3	0.130196	0	1303482587105654
1204	3.993	3	0.126297	0	1303482587105654
1205	3.993	3	0.126297	0	1303482587105654
1206	3.993	3	0.133981	0	1303482587105654
1207	3.993	3	0.126297	0	1303482587105654
1208	3.993	3	0.137663	0	1303482587105654
1209	3.993	3	0.137663	0	1303482587105654
1210	3.993	3	0.137663	0	1303482587105654
1211	3.993	3	0.137663	0	1303482587105654
1212	3.993	3	0.151496	0	1303482587105654
1213	3.994	3	0.118169	0.001	1303482587105654
1214	3.994	3	0.122327	0	1303482587105654
1215	3.994	3	0.118169	0	1303482587105654
1216	3.994	3	0.122327	0	1303482587105654
1217	3.994	3	0.122327	0	1303482587105654
1218	3.994	3	0.130246	0	1303482587105654
1219	3.994	3	0.130246	0	1303482587105654
1220	3.994	3	0.126349	0	1303482587105654
1221	3.994	3	0.122327	0	1303482587105654
1222	3.994	3	0.126349	0	1303482587105654
1223	3.994	3	0.118169	0	1303482587105654
1224	3.995	3	0.0947365	0.001	1303482587105654
1225	3.995	3	0.10943	0	1303482587105654
1226	3.995	3	0.104762	0	1303482587105654
1227	3.994	3	0.118169	-0.001	1303482587105654
1228	3.994	3	0.118169	0	1303482587105654
1229	3.994	3	0.118169	0	1303482587105654
1230	3.995	3	0.118216	0.001	1303482587105654
1231	3.996	3	0.0893532	0.001	1303482587105654
1232	3.996	3	0.09992	0	1303482587105654
1233	3.996	3	0.09992	0	1303482587105654
1234	3.996	3	0.118254	0	1303482587105654
1235	3.997	3	0.0774016	0.001	1303482587105654
1236	3.995	3	0.122372	-0.002	1303482587105654
1237	3.996	3	0.094784	0.001	1303482587105654
1238	3.996	3	0.104805	0	1303482587105654
1239	3.996	3	0.109471	0	1303482587105654
1240	3.996	3	0.109471	0	1303482587105654
1241	3.997	3	0.0893924	0.001	1303482587105654
1242	3.996	3	0.118254	-0.001	1303482587105654
1243	3.996	3	0.104805	0	1303482587105654
1244	3.997	2	0.0836122	0.001	1303482587105654
1245	3.996	2	0.104805	-0.001	1303482587105654
1246	3.997	2	0.0774016	0.001	1303482587105654
1247	3.997	2	0.0631744	0	1303482587105654
1248	3.996	2	0.09992	-0.001	1303482587105654
1249	3.996	2	0.0893532	0	1303482587105654
1250	3.995	2	0.126392	-0.001	1303482587105654
1251	3.996	2	0.09992	0.001	1303482587105654
1252	3.996	2	0.094784	0	1303482587105654
1253	3.996	2	0.09992	0	1303482587105654
1254	3.996	2	0.0835703	0	1303482587105654
1255	3.996	2	0.0893532	0	1303482587105654
1256	3.996	2	0.09992	0	1303482587105654
1257	3.996	2	0.09992	0	1303482587105654
1258	3.996	2	0.118254	0	1303482587105654
1259	3.996	2	0.113947	0	1303482587105654
1260	3.997	2	0.0948209	0.001	1303482587105654
1261	3.998	2	0.0547357	0.001	1303482587105654
1262	3.997	2	0.0948209	-0.001	1303482587105654
1263	3.997	2	0.099955	0	1303482587105654
1264	3.997	2	0.104838	0	1303482587105654
1265	3.997	2	0.109503	0	1303482587105654
1266	3.997	2	0.118284	0	1303482587105654
1267	3.998	2	0.0706824	0.001	1303482587105654
1268	3.998	2	0.0774338	0	1303482587105654
1269	3.998	2	0.0706824	0	1303482587105654
1270	3.998	2	0.0706824	0	1303482587105654
1271	3.997	2	0.113978	-0.001	1303482587105654
1272	3.998	2	0.0547357	0.001	1303482587105654
1273	3.997	2	0.0836122	-0.001	1303482587105654
1274	3.996	2	0.122409	-0.001	1303482587105654
1275	3.997	2	0.0836122	0.001	1303482587105654
1276	3.997	2	0.0893924	0	1303482587105654
1277	3.997	2	0.0631744	0	1303482587105654
1278	3.996	2	0.104805	-0.001	1303482587105654
1279	3.996	2	0.109471	0	1303482587105654
1280	3.997	2	0.0774016	0.001	1303482587105654
1281	3.997	2	0.0836122	0	1303482587105654
1282	3.996	2	0.109471	-0.001	1303482587105654
1283	3.996	2	0.109471	0	1303482587105654
1284	3.997	2	0.0774016	0.001	1303482587105654
1285	3.996	2	0.113947	-0.001	1303482587105654
1286	3.997	2	0.104838	0.001	1303482587105654
1287	3.998	2	0.0547357	0.001	1303482587105654
1288	3.997	2	0.0948209	-0.001	1303482587105654
1289	3.998	2	0.0632139	0.001	1303482587105654
1290	3.999	2	0.031607	0.001	1303482587105654
1291	3.998	2	0.0836421	-0.001	1303482587105654
1292	3.998	2	0.0774338	0	1303482587105654
1293	3.998	2	0.0632139	0	1303482587105654
1294	3.998	2	0.0774338	0	1303482587105654
1295	3.998	2	0.0894204	0	1303482587105654
1296	3.997	2	0.113978	-0.001	1303482587105654
1297	3.997	2	0.104838	0	1303482587105654
1298	3.998	2	0.0632139	0.001	1303482587105654
1299	3.998	2	0.0632139	0	1303482587105654
1300	3.997	2	0.113978	-0.001	1303482587105654
1301	3.998	2	0.0706824	0.001	1303482587105654
1302	3.998	2	0.0706824	0	1303482587105654
1303	3.998	2	0.0774338	0	1303482587105654
1304	3.998	2	0.0706824	0	1303482587105654
1305	3.998	2	0.0774338	0	1303482587105654
1306	3.998	2	0.0836421	0	1303482587105654
1307	3.998	2	0.0836421	0	1303482587105654
1308	3.998	2	0.0774338	0	1303482587105654
1309	3.998	2	0.0894204	0	1303482587105654
1310	3.998	2	0.0948472	0	1303482587105654
1311	3.999	2	0.0447102	0.001	1303482587105654
1312	3.998	2	0.09998	-0.001	1303482587105654
1313	3.999	2	0.0707036	0.001	1303482587105654
1314	3.999	2	0.08366	0	1303482587105654
1315	3.999	2	0.0707036	0	1303482587105654
1316	3.999	2	0.0707036	0	1303482587105654
1317	3.998	2	0.114	-0.001	1303482587105654
1318	3.999	2	0.0707036	0.001	1303482587105654
1319	3.999	2	0.0547631	0	1303482587105654
1320	3.999	2	0.0632376	0	1303482587105654
1321	3.999	2	0.0632376	0	1303482587105654
1322	3.999	2	0.0447102	0	1303482587105654
1323	3.998	2	0.09998	-0.001	1303482587105654
1324	3.999	2	0.0547631	0.001	1303482587105654
1325	3.998	2	0.104862	-0.001	1303482587105654
1326	3.998	2	0.09998	0	1303482587105654
1327	3.999	2	0.0632376	0.001	1303482587105654
1328	3.999	2	0.0632376	0	1303482587105654
1329	3.999	2	0.0707036	0	1303482587105654
1330	3.998	2	0.114	-0.001	1303482587105654
1331	3.998	2	0.109526	0	1303482587105654
1332	3.999	2	0.0547631	0.001	1303482587105654
1333	3.998	2	0.109526	-0.001	1303482587105654
1334	3.998	2	0.109526	0	1303482587105654
1335	3.999	2	0.0774532	0.001	1303482587105654
1336	3.999	2	0.0774532	0	1303482587105654
1337	3.999	2	0.08366	0	1303482587105654
1338	3.999	2	0.08366	0	1303482587105654
1339	3.999	2	0.0774532	0	1303482587105654
1340	3.998	2	0.114	-0.001	1303482587105654
1341	3.998	2	0.114	0	1303482587105654
1342	3.999	2	0.0707036	0.001	1303482587105654
1343	3.999	2	0.08366	0	1303482587105654
1344	3.999	2	0.08366	0	1303482587105654
1345	3.999	2	0.0707036	0	1303482587105654
1346	3.999	2	0.0774532	0	1303482587105654
1347	3.999	2	0.0774532	0	1303482587105654
1348	3.999	2	0.08366	0	1303482587105654
1349	3.999	2	0.08366	0	1303482587105654
1350	4	1	0	0.001	1303482587105654
