Time	Displacement	BinCount	Variance	Velocity	Label
0	0	1	0	0	160641483882148
1	0.1	4	0.314643	0.1	160641483882148
2	0.199	5	0.444296	0.099	160641483882148
3	0.298	5	0.539626	0.099	160641483882148
4	0.398	6	0.631345	0.1	160641483882148
5	0.489	6	0.694895	0.091	160641483882148
6	0.595	6	0.758271	0.106	160641483882148
7	0.692	6	0.827729	0.097	160641483882148
8	0.807	7	0.888679	0.115	160641483882148
9	0.905	7	0.943915	0.098	160641483882148
10	0.999	9	1.00349	0.094	160641483882148
11	1.097	9	1.05195	0.098	160641483882148
12	1.191	8	1.09568	0.094	160641483882148
13	1.283	8	1.14408	0.092	160641483882148
14	1.372	8	1.18727	0.089	160641483882148
15	1.471	8	1.21908	0.099	160641483882148
16	1.581	9	1.271	0.11	160641483882148
17	1.66	9	1.30208	0.079	160641483882148
18	1.745	10	1.32664	0.085	160641483882148
19	1.855	10	1.3744	0.11	160641483882148
20	1.919	10	1.39909	0.064	160641483882148
21	2.037	10	1.4334	0.118	160641483882148
22	2.14	10	1.4654	0.103	160641483882148
23	2.264	10	1.51238	0.124	160641483882148
24	2.365	10	1.55813	0.101	160641483882148
25	2.484	10	1.59898	0.119	160641483882148
26	2.599	10	1.63744	0.115	160641483882148
27	2.682	10	1.66909	0.083	160641483882148
28	2.752	10	1.67884	0.07	160641483882148
29	2.87	10	1.71029	0.118	160641483882148
30	2.947	10	1.73153	0.077	160641483882148
31	3.025	10	1.73965	0.078	160641483882148
32	3.141	10	1.77176	0.116	160641483882148
33	3.246	10	1.7929	0.105	160641483882148
34	3.358	10	1.82834	0.112	160641483882148
35	3.455	10	1.8352	0.097	160641483882148
36	3.563	10	1.85392	0.108	160641483882148
37	3.672	10	1.88425	0.109	160641483882148
38	3.735	10	1.89493	0.063	160641483882148
39	3.843	10	1.91608	0.108	160641483882148
40	3.942	10	1.95618	0.099	160641483882148
41	4.023	10	1.97977	0.081	160641483882148
42	4.158	10	2.00998	0.135	160641483882148
43	4.278	10	2.02552	0.12	160641483882148
44	4.382	10	2.04623	0.104	160641483882148
45	4.448	10	2.04556	0.066	160641483882148
46	4.553	10	2.07128	0.105	160641483882148
47	4.637	10	2.09003	0.084	160641483882148
48	4.755	10	2.1019	0.118	160641483882148
49	4.838	10	2.13395	0.083	160641483882148
50	4.955	10	2.14055	0.117	160641483882148
51	5.045	10	2.13471	0.09	160641483882148
52	5.113	10	2.14412	0.068	160641483882148
53	5.198	10	2.13794	0.085	160641483882148
54	5.285	10	2.12621	0.087	160641483882148
55	5.367	10	2.12493	0.082	160641483882148
56	5.49	10	2.13023	0.123	160641483882148
57	5.565	10	2.13232	0.075	160641483882148
58	5.663	10	2.14066	0.098	160641483882148
59	5.755	10	2.15429	0.092	160641483882148
60	5.829	10	2.15447	0.074	160641483882148
61	5.93	10	2.1338	0.101	160641483882148
62	5.994	10	2.11044	0.064	160641483882148
63	6.027	10	2.09959	0.033	160641483882148
64	6.127	10	2.09616	0.1	160641483882148
65	6.175	10	2.07663	0.048	160641483882148
66	6.263	10	2.07746	0.088	160641483882148
67	6.326	10	2.06609	0.063	160641483882148
68	6.382	10	2.06278	0.056	160641483882148
69	6.466	10	2.05301	0.084	160641483882148
70	6.54	10	2.03012	0.074	160641483882148
71	6.628	10	2.01634	0.088	160641483882148
72	6.696	10	1.98887	0.068	160641483882148
73	6.769	10	1.97753	0.073	160641483882148
74	6.84	10	1.97823	0.071	160641483882148
75	6.878	10	1.96548	0.038	160641483882148
76	6.938	10	1.9458	0.06	160641483882148
77	7.002	10	1.94242	0.064	160641483882148
78	7.07	10	1.92434	0.068	160641483882148
79	7.165	10	1.88143	0.095	160641483882148
80	7.224	10	1.87132	0.059	160641483882148
81	7.275	10	1.85859	0.051	160641483882148
82	7.347	10	1.83237	0.072	160641483882148
83	7.417	10	1.7914	0.07	160641483882148
84	7.471	10	1.76781	0.054	160641483882148
85	7.531	10	1.75301	0.06	160641483882148
86	7.602	10	1.73222	0.071	160641483882148
87	7.645	10	1.70557	0.043	160641483882148
88	7.69	10	1.69053	0.045	160641483882148
89	7.763	10	1.64737	0.073	160641483882148
90	7.825	10	1.61597	0.062	160641483882148
91	7.904	10	1.58202	0.079	160641483882148
92	7.945	10	1.55948	0.041	160641483882148
93	8.005	10	1.52872	0.06	160641483882148
94	8.046	10	1.50495	0.041	160641483882148
95	8.115	10	1.45526	0.069	160641483882148
96	8.138	10	1.44878	0.023	160641483882148
97	8.167	10	1.42657	0.029	160641483882148
98	8.19	10	1.41665	0.023	160641483882148
99	8.225	10	1.38542	0.035	160641483882148
100	8.246	10	1.38256	0.021	160641483882148
101	8.265	10	1.37723	0.019	160641483882148
102	8.3	10	1.35314	0.035	160641483882148
103	8.316	10	1.36204	0.016	160641483882148
104	8.346	10	1.35288	0.03	160641483882148
105	8.367	10	1.3279	0.021	160641483882148
106	8.382	10	1.3195	0.015	160641483882148
107	8.398	10	1.32348	0.016	160641483882148
108	8.433	10	1.27691	0.035	160641483882148
109	8.458	10	1.25906	0.025	160641483882148
110	8.48	10	1.24081	0.022	160641483882148
111	8.51	10	1.18865	0.03	160641483882148
112	8.521	10	1.19648	0.011	160641483882148
113	8.546	10	1.16098	0.025	160641483882148
114	8.563	10	1.11671	0.017	160641483882148
115	8.574	10	1.10568	0.011	160641483882148
116	8.582	10	1.08594	0.008	160641483882148
117	8.58	10	1.09115	-0.002	160641483882148
118	8.598	10	1.06367	0.018	160641483882148
119	8.619	10	1.01629	0.021	160641483882148
120	8.651	9	0.973755	0.032	160641483882148
121	8.671	9	0.939553	0.02	160641483882148
122	8.68	9	0.940532	0.009	160641483882148
123	8.683	9	0.960995	0.003	160641483882148
124	8.689	9	0.944605	0.006	160641483882148
125	8.697	9	0.935516	0.008	160641483882148
126	8.701	9	0.9293	0.004	160641483882148
127	8.704	9	0.929185	0.003	160641483882148
128	8.716	9	0.901301	0.012	160641483882148
129	8.724	9	0.897677	0.008	160641483882148
130	8.738	9	0.854023	0.014	160641483882148
131	8.753	8	0.831259	0.015	160641483882148
132	8.783	8	0.765448	0.03	160641483882148
133	8.793	8	0.753094	0.01	160641483882148
134	8.812	8	0.710391	0.019	160641483882148
135	8.821	8	0.710605	0.009	160641483882148
136	8.823	8	0.71251	0.002	160641483882148
137	8.829	8	0.696964	0.006	160641483882148
138	8.83	8	0.72118	0.001	160641483882148
139	8.834	8	0.690249	0.004	160641483882148
140	8.837	8	0.67263	0.003	160641483882148
141	8.846	8	0.66203	0.009	160641483882148
142	8.861	8	0.636144	0.015	160641483882148
143	8.869	8	0.608144	0.008	160641483882148
144	8.874	8	0.629384	0.005	160641483882148
145	8.869	8	0.62597	-0.005	160641483882148
146	8.875	8	0.601145	0.006	160641483882148
147	8.872	8	0.633732	-0.003	160641483882148
148	8.873	8	0.618766	0.001	160641483882148
149	8.867	8	0.668065	-0.006	160641483882148
150	8.871	8	0.633529	0.004	160641483882148
151	8.876	8	0.630574	0.005	160641483882148
152	8.879	8	0.595281	0.003	160641483882148
153	8.882	8	0.637241	0.003	160641483882148
154	8.891	8	0.61247	0.009	160641483882148
155	8.892	8	0.58424	0.001	160641483882148
156	8.899	8	0.544793	0.007	160641483882148
157	8.904	8	0.532714	0.005	160641483882148
158	8.91	8	0.531883	0.006	160641483882148
159	8.912	8	0.532218	0.002	160641483882148
160	8.911	8	0.534864	-0.001	160641483882148
161	8.917	8	0.505085	0.006	160641483882148
162	8.92	7	0.485386	0.003	160641483882148
163	8.92	7	0.488467	0	160641483882148
164	8.92	7	0.503587	0	160641483882148
165	8.928	8	0.472034	0.008	160641483882148
166	8.93	8	0.463789	0.002	160641483882148
167	8.936	8	0.451557	0.006	160641483882148
168	8.937	7	0.447248	0.001	160641483882148
169	8.938	7	0.455144	0.001	160641483882148
170	8.942	7	0.441176	0.004	160641483882148
171	8.945	7	0.440426	0.003	160641483882148
172	8.954	7	0.372671	0.009	160641483882148
173	8.952	7	0.400869	-0.002	160641483882148
174	8.954	7	0.399855	0.002	160641483882148
175	8.958	7	0.399044	0.004	160641483882148
176	8.962	7	0.376239	0.004	160641483882148
177	8.964	7	0.376436	0.002	160641483882148
178	8.959	7	0.423461	-0.005	160641483882148
179	8.964	7	0.376436	0.005	160641483882148
180	8.963	7	0.377665	-0.001	160641483882148
181	8.966	7	0.369924	0.003	160641483882148
182	8.973	7	0.313482	0.007	160641483882148
183	8.973	6	0.30866	0	160641483882148
184	8.974	6	0.303849	0.001	160641483882148
185	8.974	6	0.329126	0	160641483882148
186	8.976	6	0.297362	0.002	160641483882148
187	8.974	6	0.355421	-0.002	160641483882148
188	8.978	6	0.288991	0.004	160641483882148
189	8.978	6	0.312276	0	160641483882148
190	8.979	6	0.310739	0.001	160641483882148
191	8.98	6	0.307571	0.001	160641483882148
192	8.98	6	0.294279	0	160641483882148
193	8.979	6	0.318683	-0.001	160641483882148
194	8.975	6	0.352668	-0.004	160641483882148
195	8.979	6	0.302587	0.004	160641483882148
196	8.979	6	0.294209	0	160641483882148
197	8.981	6	0.275025	0.002	160641483882148
198	8.979	6	0.304235	-0.002	160641483882148
199	8.979	6	0.330997	0	160641483882148
200	8.979	6	0.338466	0	160641483882148
201	8.982	6	0.306065	0.003	160641483882148
202	8.982	6	0.29946	0	160641483882148
203	8.984	5	0.292821	0.002	160641483882148
204	8.986	5	0.264204	0.002	160641483882148
205	8.989	5	0.260536	0.003	160641483882148
206	8.99	5	0.23	0.001	160641483882148
207	8.989	5	0.246737	-0.001	160641483882148
208	8.99	5	0.25865	0.001	160641483882148
209	8.991	5	0.242732	0.001	160641483882148
210	8.993	5	0.209645	0.002	160641483882148
211	8.993	5	0.218977	0	160641483882148
212	8.994	5	0.219007	0.001	160641483882148
213	8.994	5	0.209676	0	160641483882148
214	8.993	5	0.244849	-0.001	160641483882148
215	8.995	5	0.189671	0.002	160641483882148
216	8.993	5	0.256809	-0.002	160641483882148
217	8.993	5	0.227928	0	160641483882148
218	8.995	5	0.187016	0.002	160641483882148
219	8.995	5	0.199937	0	160641483882148
220	8.996	3	0.178841	0.001	160641483882148
221	8.996	3	0.19996	0	160641483882148
222	8.997	3	0.137808	0.001	160641483882148
223	8.997	3	0.170267	0	160641483882148
224	8.997	3	0.167305	0	160641483882148
225	8.996	3	0.209724	-0.001	160641483882148
226	8.997	3	0.173179	0.001	160641483882148
227	8.997	2	0.17886	0	160641483882148
228	8.999	2	0.031607	0.002	160641483882148
229	8.998	2	0.151644	-0.001	160641483882148
230	8.998	2	0.151644	0	160641483882148
231	8.998	2	0.158101	0	160641483882148
232	8.998	2	0.176057	0	160641483882148
233	8.998	2	0.176057	0	160641483882148
234	8.999	2	0.12247	0.001	160641483882148
235	8.999	2	0.12247	0	160641483882148
236	8.999	2	0.126487	0	160641483882148
237	9	1	0	0.001	160641483882148
