0	1000	0	0	0	0	0	0	0	0	0	
1	902.44	93.4	4.08	0.08	0	0	0	0	0	0	
2	812	169.52	17.16	1.32	0	0	0	0	0	0	
3	735.76	226.6	34.44	3.12	0.08	0	0	0	0	0	
4	664.88	271.48	55.84	7.4	0.4	0	0	0	0	0	
5	598.44	308.56	78.24	13.04	1.52	0.2	0	0	0	0	
6	538.32	337.88	101.6	19.36	2.08	0.64	0.12	0	0	0	
7	482.04	360.08	123.92	28.88	4.24	0.72	0.12	0	0	0	
8	431.24	373.12	148.12	38.72	7.4	1.12	0.28	0	0	0	
9	385.16	376.56	173.88	51.24	10.44	2.36	0.36	0	0	0	
10	338.84	374.56	199.04	66.52	16.96	3.44	0.56	0.08	0	0	
11	308.96	370.28	210.68	81.6	22.04	5.16	1.24	0.04	0	0	
12	277.04	365.4	223.84	98.36	27.12	6.4	1.4	0.4	0.04	0	
13	254.4	357.24	234.24	107.88	33.76	9.6	2.16	0.64	0.08	0	
14	227.8	346	246.72	123.36	39.96	13.04	2.32	0.68	0.12	0	
15	215.76	326.8	255.84	134.68	46.44	15.88	3.28	1.08	0.2	0.04	
16	199.68	313.36	258.24	143.72	59.2	19.2	4.76	1.4	0.44	0	
17	182.08	303.2	257.92	155.72	68.76	22.96	5.8	2.6	0.92	0.04	
18	169.8	282.12	263.4	165.8	78.16	28.2	8.76	2.64	1.08	0.04	
19	151	271.24	266.04	174.72	87.32	31.72	11.72	4.2	1.64	0.4	
20	137.8	261.52	268.04	182.72	91.64	37.6	14.28	4.12	2	0.28	
21	121.52	248.68	268.04	190.36	100.76	44.32	16.68	6.56	2.48	0.6	
22	112.48	234.44	257.08	199.16	115.12	50.84	21.12	6.84	2.2	0.72	
23	101.16	229.08	250.6	208.56	117.52	57.52	23.8	7.28	3.08	1.4	
24	89.72	216.32	257.84	212.48	121.68	60.2	28	8.96	3.4	1.4	
25	83.36	203.04	251.6	218.64	131.64	63.36	31.68	10.52	4.48	1.68	
26	74.88	189.28	246.04	221.44	144.4	72.52	33.2	11.04	4.88	2.32	
27	65.4	182.76	242.16	216.04	153.68	82.72	34.48	13.48	5	4.28	
28	62.48	172.6	234.6	220.96	155.44	89.96	38	14.36	6.68	4.92	
29	51.48	160.68	229.48	228.72	156.56	99.04	44.08	16.32	8.96	4.68	
30	44.72	152.44	217.04	227.28	162.16	109.08	52.76	20.32	9.32	4.88	
31	41.92	138.56	213.04	228.4	164.96	113.12	60.56	23.84	9.88	5.72	
32	39.24	125.72	209	226.96	169.88	120.68	65.8	24.32	12	6.4	
33	37.2	118.08	202.64	228.64	168.48	121.96	71	29.72	14.52	7.76	
34	32.84	113.76	198.6	227.52	175.08	125.88	68.68	34	14.92	8.72	
35	30.6	104.8	187.08	229.04	178.76	132	72.52	38.4	16.88	9.92	
36	27.28	96.56	180	221.32	187.12	138.92	78.36	41.04	18.44	10.96	
37	25.76	92.32	170.64	215.8	187.32	144.16	82.04	46.28	22.72	12.96	
38	26.56	85.92	162.52	219.28	188.6	143.12	87.4	48.84	23.84	13.92	
39	24.2	80.96	154.92	215.08	186.8	149.92	94	51.72	24.24	18.16	
40	21.24	75.8	151.32	208.64	188.92	150.44	96.88	58.72	28.44	19.6	
41	20.48	66.48	139.8	204.96	198.12	156.36	99.52	59.92	30.92	23.44	
42	19.76	62.72	128.4	200.28	199	164.08	104.12	61.44	33.28	26.92	
43	15.8	59.88	123.32	189.4	196.16	170.52	115.48	63.52	34.8	31.12	
44	13.68	55.84	117.88	182.76	195.68	176.32	121.88	65.76	36.56	33.64	
45	14.08	54	110.16	176.24	189.08	179.32	130.04	71.88	39.92	35.28	
46	12.48	50.2	103.4	178.12	188.32	173.84	132.28	80.08	44.04	37.24	
47	11.84	47.96	93.68	170.68	186.24	175.64	136.64	85.96	49.76	41.6	
48	11.64	42.68	88.08	160.44	183.12	174.4	148.2	87.24	57.76	46.44	
49	11.16	36.4	79.88	156	180.32	179.28	152.24	92.32	59.72	52.68	
50	9.08	34.16	76.56	144.2	176.76	182.76	156.96	99.48	62.84	57.2	
51	8.72	32.4	74.64	135.92	172.68	181.2	156.28	106.84	66.52	64.8	
52	8.64	29.68	71.36	131.32	170.36	178.44	158.52	109.84	69.56	72.28	
53	6.44	24.04	65.76	128.08	169.04	179.72	160.88	114.96	74.12	76.96	
54	6.24	21.64	62.24	119.72	169.52	175.16	161.92	115.44	81.24	86.88	
55	4.92	20.84	62.64	114.56	165.28	178.56	162.12	116.16	78.24	96.68	
56	4.4	19	60	110.88	161.56	170.84	168.96	118.96	80.52	104.88	
57	3.44	17.68	53.72	107.32	156.96	172.84	170.88	121.96	84.64	110.56	
58	3.28	16.12	51.32	107.16	153.32	170.72	167.32	126.32	85.48	118.96	
59	3.2	15.32	48.32	100.28	146.84	173.52	164.72	131.8	91.72	124.28	
60	1.96	14.6	46.08	99	140.72	169.96	165.64	132.28	94.2	135.56	
61	1.56	13.84	47.16	99.04	137.8	161.76	160.44	137.64	102	138.76	
62	1.12	12.16	45.36	94.44	131.36	158.2	161.4	137.52	110.4	148.04	
63	0.68	11.12	41.44	88.68	125.8	150.64	163.28	143.24	115.32	159.8	
64	0.12	9.2	38.56	84.48	120.04	149.96	161.96	147.12	117.84	170.72	
65	0.12	8.52	32.4	79.04	119.8	148.84	158.24	145.64	121.32	186.08	
66	0.12	6.56	32.08	71.36	118.76	145	154.52	148.72	126.2	196.68	
67	0.12	5.6	31.48	69.64	112.2	137.84	151.76	150.04	132.52	208.8	
68	0.2	5.36	31.8	67.6	104.92	136.32	149.08	154.92	136.08	213.72	
69	0.08	3.28	28.8	63.96	102.44	133	146.4	155.68	139.24	227.12	
70	0	2.64	27.92	62.16	95.44	126.88	145.16	158.44	135.8	245.56	
71	0	1.8	24.4	59.52	90.72	122.08	149.28	160.56	138.72	252.92	
72	0	1.52	21.4	57.8	89.76	124.36	151.88	160.12	135.92	257.24	
73	0	1.24	20.44	56.72	87.96	121.2	151.04	157.8	134.44	269.16	
74	0	1.28	19.6	55.56	86.68	120.16	145.32	155.92	133.4	282.08	
75	0	1.12	19.2	49.44	84.96	119.8	142.44	157.28	140.48	285.28	
76	0	0.64	17.76	45.32	81.88	113.36	146.08	155.44	139.32	300.2	
77	0	0.56	16.52	43.12	81.16	113.04	138.88	152.28	142.64	311.8	
78	0	0.48	13.2	39.8	82.4	107.2	137.8	149.2	144.56	325.36	
79	0	0.24	11.76	36.88	81.28	102.84	137.36	149.32	142.92	337.4	
80	0	0.16	9.48	34.68	78.76	97.28	132.44	148.2	145.56	353.44	
81	0	0.12	7.84	30.64	75.92	96.64	132.08	147.16	142.36	367.24	
82	0	0.12	7.56	28.84	67.8	93.44	129.96	148.52	144.36	379.4	
83	0	0.08	6.12	25.4	59.64	95.2	127.44	142.16	145.8	398.16	
84	0	0	6.32	22.52	55.28	89.2	123.08	142.68	148.76	412.16	
85	0	0	6.32	20.8	53.6	80.24	118.68	148.16	153.72	418.48	
86	0	0	6.4	18.36	49.8	75.2	115.92	143.32	154.72	436.28	
87	0	0	5.12	17.8	46.44	69.64	106.32	144.36	155.12	455.2	
88	0	0	4.4	15.28	41.32	68.72	104.44	143.28	151.12	471.44	
89	0	0	4.92	14.6	40.4	66.92	99.08	144	147.28	482.8	
90	0	0	5.24	12.88	39.52	65.88	97.44	142.92	147.6	488.52	
91	0	0	4.88	12.48	37.24	61.4	91.16	136.16	148.84	507.84	
92	0	0	3.52	10.44	35.32	59.2	85.4	136.48	145.08	524.56	
93	0	0	2.84	11.76	30.8	54	81.96	128.8	147.44	542.4	
94	0	0	1.92	10.28	28.32	54.12	78.84	128.32	142.68	555.52	
95	0	0	2	8.8	25.76	55.36	75.16	121.68	139.72	571.52	
96	0	0	2.04	9.32	25	55	74.84	121.52	139.64	572.64	
97	0	0	1.32	9.24	23.48	51.36	76.32	115.56	135.44	587.28	
98	0	0	0.88	8.6	21.28	47.36	73.68	110.64	136.8	600.76	
99	0	0	0.68	7.48	19	44.52	71.52	105.2	135.44	616.16	
100	0	0	0.32	5.72	17.48	45.48	69.56	98.92	125.56	636.96	
101	0	0	0.4	5.4	15.6	42.36	66.64	98.6	118.8	652.2	
102	0	0	0.4	5.28	14.04	37.88	65.44	92.04	118.16	666.76	
103	0	0	0.2	5.12	14.16	34.48	63.16	87.72	116.08	679.08	
104	0	0	0.2	4.16	14.68	32.6	58.56	80.2	120.32	689.28	
105	0	0	0.2	2.88	13.68	31.52	57.52	75.08	113.48	705.64	
106	0	0	0.08	2.64	12.84	32.08	55.4	73.48	112.2	711.28	
107	0	0	0.04	2.36	12.2	32.48	51.28	67.48	107.8	726.36	
108	0	0	0.16	2.48	9.6	30.2	50.72	66.56	102.32	737.96	
109	0	0	0.08	2.04	9.4	27.28	47.84	65.8	95.2	752.36	
110	0	0	0	1.84	9.92	27.12	45.88	64.36	89.16	761.72	
111	0	0	0	2.12	9.32	25.8	42.56	62.6	87	770.6	
112	0	0	0	2.24	7.6	24.88	44.36	60.92	85.96	774.04	
113	0	0	0	2.04	6.64	23.24	42.68	58.32	85.2	781.88	
114	0	0	0	1.72	6.2	22	42.56	55.84	81.64	790.04	
115	0	0	0	1.44	4.92	20.8	41.8	54.44	78	798.6	
116	0	0	0	1.36	3.92	20.6	38.92	55.24	77.28	802.68	
117	0	0	0	1.28	3.72	18.8	35.72	55.96	73.16	811.36	
118	0	0	0	0.96	3.76	17.6	35.16	52.6	70.84	819.08	
119	0	0	0	0.56	3.76	14.96	36.04	50.6	65.24	828.84	
120	0	0	0	0.24	3.36	14.32	31.6	50.6	64.28	835.6	
121	0	0	0	0.6	2.56	14.68	28.08	48.2	63.4	842.48	
122	0	0	0	0.56	1.96	12.64	27.36	49.32	64.76	843.4	
123	0	0	0	0.64	2.44	11.88	25.76	47.28	66.04	845.96	
124	0	0	0	0.24	2.12	10.72	24.36	43.12	63.6	855.84	
125	0	0	0	0.2	2.36	11.52	23.28	40.04	58.84	863.76	
126	0	0	0	0.12	2.32	11.16	22.16	41.2	54.76	868.28	
127	0	0	0	0.12	2.76	9.96	21.76	42.88	53.72	868.8	
128	0	0	0	0.24	2.56	8.24	22.16	42.2	55.92	868.68	
129	0	0	0	0.2	2.08	8.64	20.96	38.76	55	874.36	
130	0	0	0	0.16	1.56	9.72	19.72	34.92	54.64	879.28	
131	0	0	0	0	1.48	8.44	17.12	34.56	51.28	887.12	
132	0	0	0	0	1.6	6.72	17.36	32.56	51.92	889.84	
133	0	0	0	0	1.68	7.6	14.8	31.76	51.04	893.12	
134	0	0	0	0	1.32	7.36	12.52	29.48	48.44	900.88	
135	0	0	0	0	1.16	6.04	12.36	26.48	44.28	909.68	
136	0	0	0	0	1.04	5.64	12.6	27.32	42.8	910.6	
137	0	0	0	0	0.72	5.64	14.56	28.44	41.52	909.12	
138	0	0	0	0	0.4	4.92	12.76	25.8	41.92	914.2	
139	0	0	0	0	0.36	4.48	11.8	26.32	40.32	916.72	
140	0	0	0	0	0.16	4.88	11.44	23.64	36.12	923.76	
141	0	0	0	0	0.08	4.6	11.56	24.2	34.24	925.32	
142	0	0	0	0	0.04	3.76	11.84	22.16	33.28	928.92	
143	0	0	0	0	0.08	3.36	11.16	21.6	32.76	931.04	
144	0	0	0	0	0.08	3.48	8.92	20.16	30.48	936.88	
145	0	0	0	0	0	3.56	7.92	18.24	28.64	941.64	
146	0	0	0	0	0	3.76	7.64	15.12	26.92	946.56	
147	0	0	0	0	0	3.44	7.96	15.28	25.32	948	
148	0	0	0	0	0	4.28	8.08	13.32	25.36	948.96	
149	0	0	0	0	0	3.68	7.12	11.6	22.64	954.96	
150	0	0	0	0	0	2.92	6.48	10.72	22.24	957.64	
151	0	0	0	0	0	2.48	6.16	10.08	20.36	960.92	
152	0	0	0	0	0	2.16	6.12	9.28	19.84	962.6	
153	0	0	0	0	0	1.88	5.36	9.16	18.2	965.4	
154	0	0	0	0	0	1.92	4.96	8.92	16.6	967.6	
155	0	0	0	0	0	1.64	3.6	8.32	17.6	968.84	
156	0	0	0	0	0	1.72	3.4	8.8	17.68	968.4	
157	0	0	0	0	0	1.84	3.8	8.04	16.28	970.04	
158	0	0	0	0	0	2.32	2.8	7.68	14.36	972.84	
159	0	0	0	0	0	1.8	3.4	6.84	14.88	973.08	
160	0	0	0	0	0	1.68	2.4	6.68	14	975.24	
161	0	0	0	0	0	1.4	2.12	5.32	11.76	979.4	
162	0	0	0	0	0	1.08	2.24	4.12	12.28	980.28	
163	0	0	0	0	0	1	2.08	3.28	11.76	981.88	
164	0	0	0	0	0	0.72	2.12	4.12	11.48	981.56	
165	0	0	0	0	0	0.4	2.08	4.88	11.2	981.44	
166	0	0	0	0	0	0.4	2.32	4.88	10.36	982.04	
167	0	0	0	0	0	0.32	1.96	5.2	8.88	983.64	
168	0	0	0	0	0	0.32	1.4	5.32	10.24	982.72	
169	0	0	0	0	0	0.32	1.2	3.84	10.48	984.16	
170	0	0	0	0	0	0.32	1.52	3.28	9	985.88	
171	0	0	0	0	0	0.32	1.28	3.44	9	985.96	
172	0	0	0	0	0	0.32	1.24	3.48	6.84	988.12	
173	0	0	0	0	0	0.28	1.04	3.24	7.12	988.32	
174	0	0	0	0	0	0.04	1.2	3.08	7.56	988.12	
175	0	0	0	0	0	0.12	0.72	2.96	6.68	989.52	
176	0	0	0	0	0	0.12	0.76	2.08	6.72	990.32	
177	0	0	0	0	0	0.24	0.44	1.88	4.4	993.04	
178	0	0	0	0	0	0.2	0.4	1.36	4.56	993.48	
179	0	0	0	0	0	0.16	1.04	1.28	4.8	992.72	
180	0	0	0	0	0	0.08	1.04	1.24	4.6	993.04	
181	0	0	0	0	0	0	1.2	0.6	3.92	994.28	
182	0	0	0	0	0	0	2.12	1.24	4.48	992.16	
183	0	0	0	0	0	0	2	1.56	4.08	992.36	
184	0	0	0	0	0	0	1.76	1.36	3.6	993.28	
185	0	0	0	0	0	0	1.84	1.48	3.36	993.32	
186	0	0	0	0	0	0	1.32	2.16	2.56	993.96	
187	0	0	0	0	0	0	0.92	1.84	2.88	994.36	
188	0	0	0	0	0	0	0.76	1.76	3.16	994.32	
189	0	0	0	0	0	0	0.32	1.92	2.68	995.08	
190	0	0	0	0	0	0	0.04	1.8	2.88	995.28	
191	0	0	0	0	0	0	0	1.84	2.8	995.36	
192	0	0	0	0	0	0	0	2	2.72	995.28	
193	0	0	0	0	0	0	0	2.24	2.2	995.56	
194	0	0	0	0	0	0	0	2.64	2.52	994.84	
195	0	0	0	0	0	0	0	2.6	3.4	994	
196	0	0	0	0	0	0	0	2.04	3.72	994.24	
197	0	0	0	0	0	0	0	1.6	3.04	995.36	
198	0	0	0	0	0	0	0	1.52	2.84	995.64	
199	0	0	0	0	0	0	0	1.72	2.88	995.4	
200	0	0	0	0	0	0	0	1.84	2.76	995.4	
201	0	0	0	0	0	0	0	1.56	2.32	996.12	
202	0	0	0	0	0	0	0	1.6	2.04	996.36	
203	0	0	0	0	0	0	0	1.4	1.84	996.76	
204	0	0	0	0	0	0	0	1.48	1.68	996.84	
205	0	0	0	0	0	0	0	1.44	1.76	996.8	
206	0	0	0	0	0	0	0	1.44	1.36	997.2	
207	0	0	0	0	0	0	0	1.16	1.08	997.76	
208	0	0	0	0	0	0	0	1.56	1.52	996.92	
209	0	0	0	0	0	0	0	0.72	1.52	997.76	
210	0	0	0	0	0	0	0	0.68	2.2	997.12	
211	0	0	0	0	0	0	0	0.56	2.04	997.4	
212	0	0	0	0	0	0	0	0.76	2.8	996.44	
213	0	0	0	0	0	0	0	0.48	2.56	996.96	
214	0	0	0	0	0	0	0	0.48	2.68	996.84	
215	0	0	0	0	0	0	0	0.48	3.36	996.16	
216	0	0	0	0	0	0	0	0.08	2.92	997	
217	0	0	0	0	0	0	0	0.08	2.36	997.56	
218	0	0	0	0	0	0	0	0.12	2	997.88	
219	0	0	0	0	0	0	0	0.12	2.24	997.64	
220	0	0	0	0	0	0	0	0	2.36	997.64	
221	0	0	0	0	0	0	0	0	2.08	997.92	
222	0	0	0	0	0	0	0	0	2.08	997.92	
223	0	0	0	0	0	0	0	0	2.2	997.8	
224	0	0	0	0	0	0	0	0	2.2	997.8	
225	0	0	0	0	0	0	0	0	2.4	997.6	
226	0	0	0	0	0	0	0	0	2.2	997.8	
227	0	0	0	0	0	0	0	0	1.4	998.6	
228	0	0	0	0	0	0	0	0	1.32	998.68	
229	0	0	0	0	0	0	0	0	1.44	998.56	
230	0	0	0	0	0	0	0	0	0.88	999.12	
231	0	0	0	0	0	0	0	0	0.76	999.24	
232	0	0	0	0	0	0	0	0	1.16	998.84	
233	0	0	0	0	0	0	0	0	1.32	998.68	
234	0	0	0	0	0	0	0	0	0.96	999.04	
235	0	0	0	0	0	0	0	0	0.68	999.32	
236	0	0	0	0	0	0	0	0	0.72	999.28	
237	0	0	0	0	0	0	0	0	0.6	999.4	
238	0	0	0	0	0	0	0	0	0.36	999.64	
239	0	0	0	0	0	0	0	0	0.6	999.4	
240	0	0	0	0	0	0	0	0	0.64	999.36	
241	0	0	0	0	0	0	0	0	0.32	999.68	
242	0	0	0	0	0	0	0	0	0.4	999.6	
243	0	0	0	0	0	0	0	0	0.36	999.64	
244	0	0	0	0	0	0	0	0	0.28	999.72	
245	0	0	0	0	0	0	0	0	0.28	999.72	
246	0	0	0	0	0	0	0	0	0.04	999.96	
247	0	0	0	0	0	0	0	0	0	1000	
