Time	Displacement	BinCount	Variance	Velocity	Label
0	0	1	0	0	334035168108023
1	0.102	4	0.321863	0.102	334035168108023
2	0.207	5	0.456236	0.105	334035168108023
3	0.305	5	0.552245	0.098	334035168108023
4	0.405	6	0.632436	0.1	334035168108023
5	0.5	7	0.711337	0.095	334035168108023
6	0.607	7	0.775597	0.107	334035168108023
7	0.711	7	0.826123	0.104	334035168108023
8	0.812	7	0.883547	0.101	334035168108023
9	0.911	7	0.931708	0.099	334035168108023
10	1	7	0.979796	0.089	334035168108023
11	1.103	8	1.02586	0.103	334035168108023
12	1.22	9	1.08747	0.117	334035168108023
13	1.321	9	1.1287	0.101	334035168108023
14	1.435	9	1.18312	0.114	334035168108023
15	1.558	9	1.25005	0.123	334035168108023
16	1.65	9	1.28627	0.092	334035168108023
17	1.752	9	1.32193	0.102	334035168108023
18	1.853	10	1.3847	0.101	334035168108023
19	1.936	10	1.4117	0.083	334035168108023
20	2.027	10	1.43397	0.091	334035168108023
21	2.121	10	1.46163	0.094	334035168108023
22	2.198	10	1.48654	0.077	334035168108023
23	2.291	10	1.51536	0.093	334035168108023
24	2.399	10	1.54784	0.108	334035168108023
25	2.51	10	1.59025	0.111	334035168108023
26	2.604	10	1.61684	0.094	334035168108023
27	2.68	10	1.62684	0.076	334035168108023
28	2.773	10	1.65966	0.093	334035168108023
29	2.881	10	1.68221	0.108	334035168108023
30	2.991	10	1.71228	0.11	334035168108023
31	3.088	10	1.7301	0.097	334035168108023
32	3.215	10	1.76289	0.127	334035168108023
33	3.315	10	1.78907	0.1	334035168108023
34	3.423	10	1.81441	0.108	334035168108023
35	3.494	10	1.8458	0.071	334035168108023
36	3.595	10	1.85929	0.101	334035168108023
37	3.689	10	1.86072	0.094	334035168108023
38	3.779	10	1.89846	0.09	334035168108023
39	3.884	10	1.91952	0.105	334035168108023
40	3.994	10	1.95473	0.11	334035168108023
41	4.117	10	1.97087	0.123	334035168108023
42	4.23	10	2.00427	0.113	334035168108023
43	4.354	10	2.00691	0.124	334035168108023
44	4.436	10	2.01467	0.082	334035168108023
45	4.556	10	2.02876	0.12	334035168108023
46	4.653	10	2.05441	0.097	334035168108023
47	4.744	10	2.04315	0.091	334035168108023
48	4.814	10	2.05704	0.07	334035168108023
49	4.902	10	2.0694	0.088	334035168108023
50	4.994	10	2.07869	0.092	334035168108023
51	5.094	10	2.09097	0.1	334035168108023
52	5.185	10	2.08585	0.091	334035168108023
53	5.286	10	2.09981	0.101	334035168108023
54	5.387	10	2.10552	0.101	334035168108023
55	5.47	10	2.10715	0.083	334035168108023
56	5.538	10	2.09608	0.068	334035168108023
57	5.623	10	2.08731	0.085	334035168108023
58	5.685	10	2.08513	0.062	334035168108023
59	5.75	10	2.09057	0.065	334035168108023
60	5.805	10	2.09809	0.055	334035168108023
61	5.895	10	2.10142	0.09	334035168108023
62	6.007	10	2.08181	0.112	334035168108023
63	6.075	10	2.0759	0.068	334035168108023
64	6.142	10	2.06273	0.067	334035168108023
65	6.222	10	2.04883	0.08	334035168108023
66	6.3	10	2.04817	0.078	334035168108023
67	6.376	10	2.04808	0.076	334035168108023
68	6.454	10	2.03933	0.078	334035168108023
69	6.525	10	2.01156	0.071	334035168108023
70	6.601	10	2.0027	0.076	334035168108023
71	6.678	10	1.97619	0.077	334035168108023
72	6.748	10	1.95563	0.07	334035168108023
73	6.807	10	1.95135	0.059	334035168108023
74	6.868	10	1.93018	0.061	334035168108023
75	6.944	10	1.91595	0.076	334035168108023
76	7.017	10	1.87795	0.073	334035168108023
77	7.094	10	1.87007	0.077	334035168108023
78	7.182	10	1.83736	0.088	334035168108023
79	7.245	10	1.82674	0.063	334035168108023
80	7.313	9	1.79751	0.068	334035168108023
81	7.371	9	1.76956	0.058	334035168108023
82	7.423	9	1.7624	0.052	334035168108023
83	7.463	9	1.76114	0.04	334035168108023
84	7.54	9	1.73851	0.077	334035168108023
85	7.585	9	1.71953	0.045	334035168108023
86	7.637	9	1.6853	0.052	334035168108023
87	7.695	9	1.65378	0.058	334035168108023
88	7.732	9	1.64109	0.037	334035168108023
89	7.786	8	1.60941	0.054	334035168108023
90	7.81	8	1.59934	0.024	334035168108023
91	7.841	8	1.58105	0.031	334035168108023
92	7.902	8	1.53408	0.061	334035168108023
93	7.935	8	1.5165	0.033	334035168108023
94	7.981	8	1.47738	0.046	334035168108023
95	8.031	8	1.4526	0.05	334035168108023
96	8.078	8	1.40389	0.047	334035168108023
97	8.123	8	1.37473	0.045	334035168108023
98	8.157	8	1.35217	0.034	334035168108023
99	8.185	8	1.31787	0.028	334035168108023
100	8.2	8	1.32665	0.015	334035168108023
101	8.243	8	1.30421	0.043	334035168108023
102	8.27	7	1.25662	0.027	334035168108023
103	8.312	7	1.23071	0.042	334035168108023
104	8.348	7	1.19117	0.036	334035168108023
105	8.375	7	1.19179	0.027	334035168108023
106	8.419	7	1.14997	0.044	334035168108023
107	8.45	7	1.12583	0.031	334035168108023
108	8.482	7	1.09118	0.032	334035168108023
109	8.508	7	1.05448	0.026	334035168108023
110	8.535	7	1.04965	0.027	334035168108023
111	8.576	7	0.995602	0.041	334035168108023
112	8.599	7	0.967574	0.023	334035168108023
113	8.615	7	0.963211	0.016	334035168108023
114	8.636	7	0.952105	0.021	334035168108023
115	8.643	7	0.923878	0.007	334035168108023
116	8.664	7	0.900613	0.021	334035168108023
117	8.679	7	0.888234	0.015	334035168108023
118	8.701	7	0.854751	0.022	334035168108023
119	8.711	7	0.842899	0.01	334035168108023
120	8.724	7	0.81598	0.013	334035168108023
121	8.736	7	0.807034	0.012	334035168108023
122	8.742	7	0.805255	0.006	334035168108023
123	8.762	7	0.774826	0.02	334035168108023
124	8.777	7	0.732988	0.015	334035168108023
125	8.779	7	0.732229	0.002	334035168108023
126	8.791	7	0.711561	0.012	334035168108023
127	8.809	7	0.692473	0.018	334035168108023
128	8.818	7	0.665489	0.009	334035168108023
129	8.83	7	0.651997	0.012	334035168108023
130	8.838	7	0.640122	0.008	334035168108023
131	8.846	7	0.635833	0.008	334035168108023
132	8.846	6	0.606864	0	334035168108023
133	8.86	6	0.597829	0.014	334035168108023
134	8.873	6	0.566455	0.013	334035168108023
135	8.888	6	0.521973	0.015	334035168108023
136	8.895	6	0.484742	0.007	334035168108023
137	8.903	6	0.479157	0.008	334035168108023
138	8.903	6	0.480199	0	334035168108023
139	8.911	6	0.468059	0.008	334035168108023
140	8.918	6	0.446403	0.007	334035168108023
141	8.924	5	0.418598	0.006	334035168108023
142	8.929	5	0.402441	0.005	334035168108023
143	8.934	5	0.391974	0.005	334035168108023
144	8.943	5	0.373833	0.009	334035168108023
145	8.945	5	0.361905	0.002	334035168108023
146	8.951	5	0.359999	0.006	334035168108023
147	8.958	5	0.300393	0.007	334035168108023
148	8.963	4	0.294331	0.005	334035168108023
149	8.963	4	0.28919	0	334035168108023
150	8.968	4	0.256858	0.005	334035168108023
151	8.969	4	0.289895	0.001	334035168108023
152	8.974	4	0.263295	0.005	334035168108023
153	8.972	4	0.310187	-0.002	334035168108023
154	8.974	4	0.237327	0.002	334035168108023
155	8.975	4	0.257633	0.001	334035168108023
156	8.976	4	0.272808	0.001	334035168108023
157	8.978	4	0.276615	0.002	334035168108023
158	8.98	4	0.244131	0.002	334035168108023
159	8.982	4	0.229513	0.002	334035168108023
160	8.981	4	0.240081	-0.001	334035168108023
161	8.982	4	0.262061	0.001	334035168108023
162	8.985	4	0.234041	0.003	334035168108023
163	8.986	4	0.196987	0.001	334035168108023
164	8.985	4	0.246526	-0.001	334035168108023
165	8.987	4	0.220977	0.002	334035168108023
166	8.987	4	0.220977	0	334035168108023
167	8.988	4	0.19964	0.001	334035168108023
168	8.989	4	0.197178	0.001	334035168108023
169	8.991	3	0.172971	0.002	334035168108023
170	8.992	3	0.164122	0.001	334035168108023
171	8.991	3	0.184171	-0.001	334035168108023
172	8.991	3	0.223426	0	334035168108023
173	8.991	3	0.223426	0	334035168108023
174	8.993	3	0.199877	0.002	334035168108023
175	8.994	3	0.178785	0.001	334035168108023
176	8.994	3	0.209676	0	334035168108023
177	8.994	3	0.221278	0	334035168108023
178	8.996	3	0.181615	0.002	334035168108023
179	8.995	3	0.225776	-0.001	334035168108023
180	8.996	3	0.192312	0.001	334035168108023
181	8.996	3	0.197444	0	334035168108023
182	8.997	3	0.148294	0.001	334035168108023
183	8.998	2	0.118305	0.001	334035168108023
184	8.997	2	0.161217	-0.001	334035168108023
185	8.997	2	0.15489	0	334035168108023
186	8.996	2	0.176023	-0.001	334035168108023
187	8.996	2	0.18704	0	334035168108023
188	8.996	2	0.18704	0	334035168108023
189	8.998	2	0.0446766	0.002	334035168108023
190	8.998	2	0.114	0	334035168108023
191	8.998	2	0.104862	0	334035168108023
192	8.998	2	0.130369	0	334035168108023
193	8.998	2	0.104862	0	334035168108023
194	8.997	2	0.14139	-0.001	334035168108023
195	8.997	2	0.122438	0	334035168108023
196	8.998	2	0.0446766	0.001	334035168108023
197	8.997	2	0.17886	-0.001	334035168108023
198	8.999	2	0.0774532	0.002	334035168108023
199	8.998	2	0.158101	-0.001	334035168108023
200	8.999	2	0.10954	0.001	334035168108023
201	8.999	2	0.12247	0	334035168108023
202	8.999	2	0.10954	0	334035168108023
203	8.999	2	0.10954	0	334035168108023
204	8.999	2	0.10954	0	334035168108023
205	8.999	2	0.099995	0	334035168108023
206	8.998	2	0.158101	-0.001	334035168108023
207	8.999	2	0.114013	0.001	334035168108023
208	8.998	2	0.176057	-0.001	334035168108023
209	8.999	2	0.12247	0.001	334035168108023
210	8.998	2	0.181648	-0.001	334035168108023
211	8.999	2	0.126487	0.001	334035168108023
212	9	1	0	0.001	334035168108023
