0	0	1	r0
1	0.155	7	r0
2	0.4236	7	r0
3	0.7414	8	r0
4	1.0337	10	r0
5	1.2801	10	r0
6	1.4785	10	r0
7	1.6448	10	r0
8	1.7817	10	r0
9	1.9086	10	r0
10	2.0268	10	r0
11	2.1425	10	r0
12	2.2465	10	r0
13	2.3475	10	r0
14	2.4516	10	r0
15	2.5468	10	r0
16	2.643	10	r0
17	2.7434	10	r0
18	2.8445	10	r0
19	2.9477	10	r0
20	3.0454	10	r0
21	3.145	10	r0
22	3.2453	10	r0
23	3.3524	10	r0
24	3.4535	9	r0
25	3.5535	9	r0
26	3.6521	9	r0
27	3.7528	9	r0
28	3.8507	9	r0
29	3.9449	9	r0
30	4.0441	9	r0
31	4.1406	9	r0
32	4.245	9	r0
33	4.3409	9	r0
34	4.4288	9	r0
35	4.5248	9	r0
36	4.6267	9	r0
37	4.7329	9	r0
38	4.831	9	r0
39	4.9293	9	r0
40	5.0287	9	r0
41	5.1113	9	r0
42	5.1992	9	r0
43	5.2911	9	r0
44	5.3808	9	r0
45	5.4787	9	r0
46	5.565	9	r0
47	5.6572	9	r0
48	5.7409	9	r0
49	5.8218	9	r0
50	5.9161	9	r0
51	5.9971	9	r0
52	6.0794	9	r0
53	6.1607	9	r0
54	6.2441	9	r0
55	6.331	9	r0
56	6.3945	9	r0
57	6.4737	9	r0
58	6.5484	9	r0
59	6.6211	9	r0
60	6.6954	9	r0
61	6.774	9	r0
62	6.8496	9	r0
63	6.9154	9	r0
64	6.9853	9	r0
65	7.0541	9	r0
66	7.1198	9	r0
67	7.1867	9	r0
68	7.2502	9	r0
69	7.3254	9	r0
70	7.3838	9	r0
71	7.4504	9	r0
72	7.5072	9	r0
73	7.5614	9	r0
74	7.6165	9	r0
75	7.6708	9	r0
76	7.7172	9	r0
77	7.7657	9	r0
78	7.8147	9	r0
79	7.861	9	r0
80	7.8977	9	r0
81	7.94	9	r0
82	7.9831	9	r0
83	8.0298	9	r0
84	8.0664	9	r0
85	8.1054	9	r0
86	8.1453	9	r0
87	8.1784	9	r0
88	8.2146	9	r0
89	8.2464	9	r0
90	8.2715	9	r0
91	8.3039	9	r0
92	8.3371	9	r0
93	8.3649	9	r0
94	8.3961	9	r0
95	8.4261	9	r0
96	8.4545	9	r0
97	8.4784	9	r0
98	8.5054	9	r0
99	8.5242	9	r0
100	8.5492	8	r0
101	8.5711	8	r0
102	8.5916	8	r0
103	8.6112	8	r0
104	8.6304	8	r0
105	8.6495	8	r0
106	8.669	8	r0
107	8.6837	8	r0
108	8.6959	8	r0
109	8.7094	8	r0
110	8.7228	8	r0
111	8.7355	8	r0
112	8.7515	8	r0
113	8.7657	8	r0
114	8.7796	8	r0
115	8.7916	8	r0
116	8.803	8	r0
117	8.8148	8	r0
118	8.8269	8	r0
119	8.8351	8	r0
120	8.8444	8	r0
121	8.8547	8	r0
122	8.8627	7	r0
123	8.8713	7	r0
124	8.8748	7	r0
125	8.8795	7	r0
126	8.8881	7	r0
127	8.8961	7	r0
128	8.9028	7	r0
129	8.9085	7	r0
130	8.9146	7	r0
131	8.9174	7	r0
132	8.9212	6	r0
133	8.9279	6	r0
134	8.9322	6	r0
135	8.9361	6	r0
136	8.9389	6	r0
137	8.9424	6	r0
138	8.9466	6	r0
139	8.9496	6	r0
140	8.9516	6	r0
141	8.9549	6	r0
142	8.9568	6	r0
143	8.9595	6	r0
144	8.9616	6	r0
145	8.9641	6	r0
146	8.9651	6	r0
147	8.9668	6	r0
148	8.9691	6	r0
149	6.1411	6	r0
150	8.6116	6	r0
151	8.6146	6	r0
152	8.6161	6	r0
153	8.6182	6	r0
154	8.6194	6	r0
155	8.6214	6	r0
156	8.6224	6	r0
157	8.6236	6	r0
158	8.6237	6	r0
159	8.6254	6	r0
160	8.6259	5	r0
161	8.6269	5	r0
162	8.6283	5	r0
163	8.6295	5	r0
164	8.6302	5	r0
165	8.6302	5	r0
166	8.6309	5	r0
167	8.6318	5	r0
168	8.6323	4	r0
169	8.6328	4	r0
170	8.6331	4	r0
171	8.6338	4	r0
172	8.6343	4	r0
173	8.6349	4	r0
174	8.6352	4	r0
175	1.8187	4	r0
176	4.6857	4	r0
177	2.1732	4	r0
178	3.6069	4	r0
179	1.0935	4	r0
180	5.759	3	r0
181	6.1178	3	r0
182	2.5246	3	r0
183	5.758	3	r0
184	3.9616	3	r0
185	2.5249	3	r0
186	4.6782	3	r0
187	4.6785	3	r0
188	4.6787	3	r0
189	3.2408	3	r0
190	3.9597	3	r0
191	3.9591	3	r0
192	2.8805	2	r0
193	3.5993	2	r0
194	1.0812	2	r0
195	2.5195	2	r0
196	2.5195	2	r0
197	2.5195	2	r0
198	2.5196	2	r0
199	2.1595	2	r0
200	1.7996	2	r0
201	1.7996	2	r0
202	1.7997	2	r0
203	1.7997	2	r0
204	1.7996	2	r0
205	1.7996	2	r0
206	1.4402	2	r0
207	0.3614	2	r0
208	1.0798	2	r0
209	0.3607	2	r0
210	0.7199	2	r0
211	0.7199	2	r0
212	0.7199	2	r0
213	0.7198	2	r0
214	0.7199	2	r0
215	0.7198	2	r0
216	0.7199	2	r0
217	0.7198	2	r0
218	0.3599	2	r0
219	0.36	1	r0
0	0	1	r1
1	0.0804	5	r1
2	0.1338	5	r1
3	0.1767	6	r1
4	0.2082	7	r1
5	0.2389	6	r1
6	0.2741	8	r1
7	0.3091	8	r1
8	0.3518	8	r1
9	0.3962	8	r1
10	0.4483	9	r1
11	0.5021	10	r1
12	0.5563	10	r1
13	0.6218	9	r1
14	0.6896	9	r1
15	0.7684	10	r1
16	0.8558	10	r1
17	0.9487	10	r1
18	1.0524	10	r1
19	1.1494	10	r1
20	1.2645	10	r1
21	1.3827	10	r1
22	1.5037	10	r1
23	1.6295	10	r1
24	1.7652	10	r1
25	1.9118	10	r1
26	2.057	10	r1
27	2.2126	10	r1
28	2.3636	10	r1
29	2.528	10	r1
30	2.6877	10	r1
31	2.8406	10	r1
32	2.9977	10	r1
33	3.1477	10	r1
34	3.302	10	r1
35	3.4488	10	r1
36	3.5986	10	r1
37	3.7531	10	r1
38	3.914	10	r1
39	4.0631	10	r1
40	4.2105	10	r1
41	4.3527	10	r1
42	4.498	10	r1
43	4.6411	10	r1
44	4.7707	10	r1
45	4.905	10	r1
46	5.0362	10	r1
47	5.1661	10	r1
48	5.2835	10	r1
49	5.413	10	r1
50	5.5319	10	r1
51	5.6412	10	r1
52	5.755	10	r1
53	5.8614	10	r1
54	5.9615	10	r1
55	6.0574	10	r1
56	6.1603	10	r1
57	6.253	10	r1
58	6.348	10	r1
59	6.4402	10	r1
60	6.5214	10	r1
61	6.5969	10	r1
62	6.6844	10	r1
63	6.7643	10	r1
64	6.8471	10	r1
65	6.9272	10	r1
66	7.0081	10	r1
67	7.0794	10	r1
68	7.1439	10	r1
69	7.2075	10	r1
70	7.2753	10	r1
71	7.3461	10	r1
72	7.4034	10	r1
73	7.4634	10	r1
74	7.5216	10	r1
75	7.5838	10	r1
76	7.635	10	r1
77	7.6843	10	r1
78	7.745	10	r1
79	7.7954	10	r1
80	7.8455	10	r1
81	7.8901	10	r1
82	7.9348	10	r1
83	7.9751	10	r1
84	8.0131	10	r1
85	8.0525	10	r1
86	8.0973	10	r1
87	8.1329	10	r1
88	8.1715	10	r1
89	8.2035	10	r1
90	8.2364	10	r1
91	8.2645	10	r1
92	8.2992	10	r1
93	8.3339	10	r1
94	8.3615	10	r1
95	8.3865	10	r1
96	8.4123	10	r1
97	8.4346	10	r1
98	8.4587	10	r1
99	8.4846	10	r1
100	8.5099	10	r1
101	8.5367	10	r1
102	8.558	10	r1
103	8.5803	10	r1
104	8.6059	10	r1
105	8.6219	10	r1
106	8.6436	10	r1
107	8.6653	10	r1
108	8.6849	10	r1
109	8.7056	10	r1
110	8.7196	10	r1
111	8.7341	10	r1
112	8.7484	10	r1
113	8.7606	10	r1
114	8.7737	10	r1
115	8.7854	10	r1
116	8.7995	10	r1
117	8.8119	10	r1
118	8.8213	10	r1
119	8.8324	8	r1
120	8.8419	8	r1
121	8.8494	8	r1
122	8.8543	8	r1
123	8.8627	8	r1
124	8.8692	8	r1
125	8.8763	8	r1
126	8.885	8	r1
127	8.8909	8	r1
128	8.8981	8	r1
129	8.9041	8	r1
130	8.9082	8	r1
131	8.9124	8	r1
132	8.9163	8	r1
133	8.9203	8	r1
134	8.9264	8	r1
135	8.9312	8	r1
136	8.934	7	r1
137	8.9381	7	r1
138	8.9405	7	r1
139	8.9431	7	r1
140	8.9443	7	r1
141	8.9476	7	r1
142	8.9527	7	r1
143	8.9552	7	r1
144	8.9577	7	r1
145	8.9607	7	r1
146	8.9621	7	r1
147	8.9634	7	r1
148	8.9644	7	r1
149	8.9656	7	r1
150	8.9677	7	r1
151	8.9692	7	r1
152	8.9707	7	r1
153	8.9717	7	r1
154	8.9723	7	r1
155	8.9731	7	r1
156	8.975	7	r1
157	8.9774	7	r1
158	8.9789	7	r1
159	8.9803	7	r1
160	8.9818	7	r1
161	8.9829	7	r1
162	8.984	7	r1
163	0.7866	7	r1
164	8.6267	7	r1
165	8.6276	7	r1
166	8.6291	7	r1
167	8.6301	7	r1
168	4.7066	7	r1
169	8.2706	7	r1
170	5.0625	7	r1
171	7.9119	6	r1
172	7.9123	6	r1
173	7.9124	6	r1
174	7.9129	6	r1
175	7.9139	5	r1
176	7.914	5	r1
177	2.1801	5	r1
178	7.5547	5	r1
179	2.179	5	r1
180	6.4753	5	r1
181	3.2522	5	r1
182	6.1158	5	r1
183	4.3268	5	r1
184	1.0936	5	r1
185	5.3967	5	r1
186	4.324	5	r1
187	5.0368	5	r1
188	5.0368	5	r1
189	2.1662	4	r1
190	4.317	4	r1
191	4.3174	4	r1
192	4.3175	4	r1
193	4.3173	4	r1
194	2.8872	4	r1
195	3.9578	4	r1
196	3.958	4	r1
197	2.5254	4	r1
198	3.5982	4	r1
199	2.1655	4	r1
200	3.2383	4	r1
201	3.2382	4	r1
202	3.2383	4	r1
203	2.8824	4	r1
204	1.4442	4	r1
205	2.5188	3	r1
206	2.5191	3	r1
207	1.0829	3	r1
208	1.4418	3	r1
209	1.4391	3	r1
210	1.4391	3	r1
211	1.4392	3	r1
212	1.4393	3	r1
213	1.4392	3	r1
214	1.4393	3	r1
215	1.4392	3	r1
216	1.4392	3	r1
217	1.4393	3	r1
218	1.4392	3	r1
219	1.4391	3	r1
220	1.4392	3	r1
221	1.4393	3	r1
222	1.4393	3	r1
223	1.4394	2	r1
224	1.0822	2	r1
225	1.0794	2	r1
226	1.0795	2	r1
227	1.0795	2	r1
228	1.0795	2	r1
229	1.0796	2	r1
230	1.0795	2	r1
231	1.0795	2	r1
232	0.7219	2	r1
233	0.7196	2	r1
234	0.7197	2	r1
235	0.7198	2	r1
236	0.7197	2	r1
237	0.7197	2	r1
238	0.7197	2	r1
239	0.7197	2	r1
240	0.7197	2	r1
241	0.7197	2	r1
242	0.7197	2	r1
243	0.7197	2	r1
244	0.7198	2	r1
245	0.7198	2	r1
246	0.7198	2	r1
247	0.7198	2	r1
248	0.7197	2	r1
249	0.7197	2	r1
250	0.7197	2	r1
251	0.7197	2	r1
252	0.7197	2	r1
253	0.7197	2	r1
254	0.7198	2	r1
255	0.7198	2	r1
256	0.3598	2	r1
257	0.3599	2	r1
258	0.3598	2	r1
259	0.3599	2	r1
260	0.3598	2	r1
261	0.3599	2	r1
262	0.3598	2	r1
263	0.3598	2	r1
264	0.3599	2	r1
265	0.3599	2	r1
266	0.3597	2	r1
267	0.3598	2	r1
268	0.3597	2	r1
269	0.3598	2	r1
270	0.3598	2	r1
271	0.3599	2	r1
272	0.3598	2	r1
273	0.3599	2	r1
274	0.3599	2	r1
275	0.3599	2	r1
276	0.36	1	r1
0	0	1	r2
1	0.0986	4	r2
2	0.192	5	r2
3	0.276	6	r2
4	0.3513	6	r2
5	0.4214	6	r2
6	0.484	7	r2
7	0.5375	7	r2
8	0.5926	7	r2
9	0.6434	7	r2
10	0.689	8	r2
11	0.7339	9	r2
12	0.7769	9	r2
13	0.818	9	r2
14	0.8581	9	r2
15	0.9001	9	r2
16	0.9424	10	r2
17	0.99	10	r2
18	1.0335	10	r2
19	1.0796	10	r2
20	1.128	10	r2
21	1.1871	10	r2
22	1.2406	10	r2
23	1.2969	10	r2
24	1.3581	10	r2
25	1.4256	10	r2
26	1.4891	10	r2
27	1.564	10	r2
28	1.6373	10	r2
29	1.7227	10	r2
30	1.8138	10	r2
31	1.9044	10	r2
32	1.9833	10	r2
33	2.083	10	r2
34	2.1886	10	r2
35	2.2992	10	r2
36	2.4134	10	r2
37	2.5332	10	r2
38	2.6651	10	r2
39	2.7925	10	r2
40	2.9315	10	r2
41	3.0605	10	r2
42	3.1993	10	r2
43	3.3452	10	r2
44	3.4876	10	r2
45	3.6307	10	r2
46	3.77	10	r2
47	3.922	10	r2
48	4.0621	10	r2
49	4.2165	10	r2
50	4.3617	10	r2
51	4.4985	10	r2
52	4.6398	10	r2
53	4.7844	10	r2
54	4.9451	10	r2
55	5.0891	10	r2
56	5.2254	10	r2
57	5.3678	10	r2
58	5.4961	10	r2
59	5.6311	10	r2
60	5.7712	10	r2
61	5.8958	10	r2
62	6.0195	10	r2
63	6.1343	10	r2
64	6.27	10	r2
65	6.3823	10	r2
66	6.4911	10	r2
67	6.5951	10	r2
68	6.6989	10	r2
69	6.8068	10	r2
70	6.8938	10	r2
71	6.9828	10	r2
72	7.0717	10	r2
73	7.1555	10	r2
74	7.2344	10	r2
75	7.3096	10	r2
76	7.3897	10	r2
77	7.4685	10	r2
78	7.5355	10	r2
79	7.6016	10	r2
80	7.6669	10	r2
81	7.7241	10	r2
82	7.787	10	r2
83	7.8404	10	r2
84	7.9018	10	r2
85	7.9553	10	r2
86	8.0067	10	r2
87	8.0456	10	r2
88	8.0916	10	r2
89	8.1356	10	r2
90	8.1779	10	r2
91	8.2152	10	r2
92	8.2535	10	r2
93	8.288	10	r2
94	8.3225	10	r2
95	8.3513	10	r2
96	8.3852	10	r2
97	8.4124	10	r2
98	8.4362	10	r2
99	8.4634	10	r2
100	8.4886	10	r2
101	8.5168	10	r2
102	8.5455	10	r2
103	8.5706	10	r2
104	8.5955	10	r2
105	8.6155	10	r2
106	8.6398	10	r2
107	8.6601	10	r2
108	8.6766	10	r2
109	8.6919	10	r2
110	8.7035	10	r2
111	8.7221	10	r2
112	8.7336	10	r2
113	8.7452	10	r2
114	8.7599	10	r2
115	8.7706	10	r2
116	8.7836	10	r2
117	8.7952	10	r2
118	8.8066	10	r2
119	8.8186	10	r2
120	8.829	10	r2
121	8.8366	10	r2
122	8.8428	10	r2
123	8.8521	10	r2
124	8.8599	9	r2
125	8.8663	9	r2
126	8.8724	9	r2
127	8.8782	9	r2
128	8.8829	9	r2
129	8.8898	9	r2
130	8.8958	9	r2
131	8.9019	9	r2
132	8.9073	9	r2
133	8.9146	9	r2
134	8.9203	9	r2
135	8.9224	9	r2
136	8.925	9	r2
137	8.9281	9	r2
138	8.9328	9	r2
139	8.9358	9	r2
140	8.9391	9	r2
141	8.942	9	r2
142	8.9458	9	r2
143	8.9476	9	r2
144	8.951	8	r2
145	8.9515	8	r2
146	8.9539	8	r2
147	8.9563	8	r2
148	8.959	7	r2
149	8.9604	7	r2
150	8.9631	7	r2
151	8.9654	7	r2
152	8.9678	6	r2
153	8.9704	6	r2
154	8.9722	6	r2
155	8.9742	6	r2
156	8.9757	6	r2
157	8.9785	6	r2
158	8.9799	6	r2
159	8.9809	6	r2
160	4.3462	6	r2
161	8.625	6	r2
162	8.6258	6	r2
163	8.6272	6	r2
164	8.6276	6	r2
165	8.6287	6	r2
166	2.9042	6	r2
167	8.2703	6	r2
168	8.27	6	r2
169	2.19	6	r2
170	7.9102	6	r2
171	7.9102	6	r2
172	7.9116	6	r2
173	7.9119	5	r2
174	7.9128	5	r2
175	2.8976	5	r2
176	7.5535	5	r2
177	7.5541	5	r2
178	7.5547	5	r2
179	7.5553	5	r2
180	7.5555	5	r2
181	1.8119	5	r2
182	3.6072	5	r2
183	6.4761	5	r2
184	6.4765	5	r2
185	5.7567	5	r2
186	5.7568	5	r2
187	5.7568	5	r2
188	5.757	5	r2
189	5.7569	5	r2
190	5.7571	5	r2
191	5.7572	5	r2
192	1.8086	5	r2
193	1.8075	4	r2
194	5.0376	4	r2
195	4.6779	4	r2
196	1.8062	4	r2
197	1.8046	4	r2
198	0.3674	4	r2
199	3.2384	4	r2
200	1.4442	4	r2
201	2.5182	4	r2
202	2.5183	4	r2
203	2.5186	4	r2
204	2.5187	4	r2
205	2.5188	4	r2
206	2.5187	4	r2
207	0.7239	4	r2
208	2.159	4	r2
209	2.1592	4	r2
210	2.1592	4	r2
211	2.1592	4	r2
212	2.1591	4	r2
213	2.1592	4	r2
214	2.1589	4	r2
215	1.0821	4	r2
216	1.7992	4	r2
217	1.7993	4	r2
218	1.7993	4	r2
219	1.7994	4	r2
220	1.7995	4	r2
221	1.0807	4	r2
222	1.4396	4	r2
223	1.4397	4	r2
224	1.0799	4	r2
225	1.0797	3	r2
226	1.0796	3	r2
227	1.0798	3	r2
228	0.7198	2	r2
229	0.7198	2	r2
230	0.7197	2	r2
231	0.7198	2	r2
232	0.3599	2	r2
233	0.3599	2	r2
234	0.3599	2	r2
235	0.3598	2	r2
236	0.3599	2	r2
237	0.3599	2	r2
238	0.3598	2	r2
239	0.3598	2	r2
240	0.3598	2	r2
241	0.3599	2	r2
242	0.3599	2	r2
243	0.3599	2	r2
244	0.3599	2	r2
245	0.3599	2	r2
246	0.3599	2	r2
247	0.3599	2	r2
248	0.3599	2	r2
249	0.3598	2	r2
250	0.36	1	r2
0	0	1	r3
1	0.1012	4	r3
2	0.2024	6	r3
3	0.3002	6	r3
4	0.3961	6	r3
5	0.4882	7	r3
6	0.5768	7	r3
7	0.6633	7	r3
8	0.7432	7	r3
9	0.8153	8	r3
10	0.885	8	r3
11	0.9525	8	r3
12	1.016	8	r3
13	1.0772	9	r3
14	1.1396	9	r3
15	1.1939	9	r3
16	1.2464	9	r3
17	1.2999	10	r3
18	1.3497	9	r3
19	1.3979	10	r3
20	1.445	10	r3
21	1.4961	10	r3
22	1.5463	10	r3
23	1.5932	10	r3
24	1.6389	10	r3
25	1.6849	10	r3
26	1.7363	10	r3
27	1.7926	10	r3
28	1.8405	10	r3
29	1.8878	10	r3
30	1.9441	10	r3
31	1.9935	10	r3
32	2.043	10	r3
33	2.1042	10	r3
34	2.1636	10	r3
35	2.2276	10	r3
36	2.2879	10	r3
37	2.3633	10	r3
38	2.4403	10	r3
39	2.5036	10	r3
40	2.5912	10	r3
41	2.6764	10	r3
42	2.7614	10	r3
43	2.8472	10	r3
44	2.9469	10	r3
45	3.0454	10	r3
46	3.1453	10	r3
47	3.2448	10	r3
48	3.3491	10	r3
49	3.4803	10	r3
50	3.5979	10	r3
51	3.7145	10	r3
52	3.8302	10	r3
53	3.9666	10	r3
54	4.0824	10	r3
55	4.2004	10	r3
56	4.3399	10	r3
57	4.4766	10	r3
58	4.6082	10	r3
59	4.7512	10	r3
60	4.8867	10	r3
61	5.014	10	r3
62	5.155	10	r3
63	5.2928	10	r3
64	5.4382	10	r3
65	5.5555	10	r3
66	5.6913	10	r3
67	5.8198	10	r3
68	5.9531	10	r3
69	6.0763	10	r3
70	6.1954	10	r3
71	6.3314	10	r3
72	6.449	10	r3
73	6.5566	10	r3
74	6.6698	10	r3
75	6.7595	10	r3
76	6.8665	10	r3
77	6.9589	10	r3
78	7.0421	10	r3
79	7.1481	10	r3
80	7.2339	10	r3
81	7.3196	10	r3
82	7.3991	10	r3
83	7.4745	10	r3
84	7.5447	10	r3
85	7.6207	10	r3
86	7.689	10	r3
87	7.7433	10	r3
88	7.8065	10	r3
89	7.8633	10	r3
90	7.9195	10	r3
91	7.9782	10	r3
92	8.0328	10	r3
93	8.0855	10	r3
94	8.1343	10	r3
95	8.1742	10	r3
96	8.2244	10	r3
97	8.2693	10	r3
98	8.3069	10	r3
99	8.3471	10	r3
100	8.3869	10	r3
101	8.4227	10	r3
102	8.4496	10	r3
103	8.4714	10	r3
104	8.5033	10	r3
105	8.5316	10	r3
106	8.5565	10	r3
107	8.5792	10	r3
108	8.5959	10	r3
109	8.6187	10	r3
110	8.6455	10	r3
111	8.66	10	r3
112	8.675	10	r3
113	8.6921	10	r3
114	8.7042	10	r3
115	8.7244	10	r3
116	8.7385	10	r3
117	8.7524	10	r3
118	8.7635	10	r3
119	8.7729	10	r3
120	8.7852	10	r3
121	8.7961	10	r3
122	8.8083	10	r3
123	8.8197	10	r3
124	8.8305	10	r3
125	8.8369	10	r3
126	8.8426	10	r3
127	8.8511	10	r3
128	8.8583	10	r3
129	8.8676	10	r3
130	8.8752	10	r3
131	8.8836	10	r3
132	8.8912	10	r3
133	8.8948	10	r3
134	8.9042	10	r3
135	8.909	10	r3
136	8.9154	10	r3
137	8.921	10	r3
138	8.9252	10	r3
139	8.9294	9	r3
140	8.935	9	r3
141	8.939	9	r3
142	8.9416	9	r3
143	8.9456	9	r3
144	8.9484	9	r3
145	8.951	9	r3
146	8.953	9	r3
147	8.9557	9	r3
148	8.958	8	r3
149	8.9601	8	r3
150	8.9627	8	r3
151	8.9653	8	r3
152	8.967	8	r3
153	8.9682	8	r3
154	8.9697	8	r3
155	8.9722	8	r3
156	8.9748	8	r3
157	8.9762	8	r3
158	8.9772	8	r3
159	8.977	8	r3
160	8.9772	8	r3
161	8.9783	8	r3
162	8.9793	8	r3
163	8.9804	8	r3
164	8.981	8	r3
165	8.9814	8	r3
166	8.9821	8	r3
167	8.9829	8	r3
168	8.9842	8	r3
169	8.9853	8	r3
170	6.8414	8	r3
171	8.6274	8	r3
172	0.4068	7	r3
173	7.9098	8	r3
174	7.9104	8	r3
175	7.911	8	r3
176	7.1951	7	r3
177	7.5524	6	r3
178	7.5526	6	r3
179	1.8219	6	r3
180	6.8339	6	r3
181	6.8342	6	r3
182	6.8349	6	r3
183	6.8349	6	r3
184	6.8352	6	r3
185	6.8355	6	r3
186	6.8359	5	r3
187	6.8366	5	r3
188	6.8369	5	r3
189	6.8372	4	r3
190	4.6809	4	r3
191	6.4776	4	r3
192	6.4779	4	r3
193	6.4781	4	r3
194	6.478	4	r3
195	6.4784	4	r3
196	2.8815	4	r3
197	4.6793	4	r3
198	1.4439	4	r3
199	4.6786	4	r3
200	4.6787	4	r3
201	4.6789	4	r3
202	2.1609	4	r3
203	3.5993	3	r3
204	1.0829	3	r3
205	1.0828	3	r3
206	1.4434	3	r3
207	2.5191	3	r3
208	0.3659	3	r3
209	2.159	3	r3
210	2.1589	3	r3
211	2.159	3	r3
212	2.1591	3	r3
213	2.1591	3	r3
214	0.722	3	r3
215	1.7992	3	r3
216	1.7994	3	r3
217	1.0795	3	r3
218	1.0794	3	r3
219	0.7194	3	r3
220	0.7195	3	r3
221	0.7195	3	r3
222	0.7196	3	r3
223	0.7196	3	r3
224	0.7196	3	r3
225	0.7196	3	r3
226	0.3609	3	r3
227	0.3596	3	r3
228	0.3597	3	r3
229	0.3596	3	r3
230	0.3596	3	r3
231	0.3597	3	r3
232	0.3598	3	r3
233	0.3597	3	r3
234	0.3598	3	r3
235	0.3598	3	r3
236	0.3598	2	r3
237	0.3599	2	r3
238	0.3598	2	r3
239	0.3599	2	r3
240	0.3599	2	r3
241	0.3599	2	r3
242	0.36	1	r3
0	0	1	r4
1	0.1001	5	r4
2	0.1985	5	r4
3	0.2967	6	r4
4	0.3972	6	r4
5	0.4953	7	r4
6	0.5939	7	r4
7	0.688	7	r4
8	0.7843	7	r4
9	0.8748	7	r4
10	0.9638	8	r4
11	1.0467	8	r4
12	1.129	9	r4
13	1.213	9	r4
14	1.2901	9	r4
15	1.3678	9	r4
16	1.4417	9	r4
17	1.5068	10	r4
18	1.5749	10	r4
19	1.6369	10	r4
20	1.701	10	r4
21	1.7678	10	r4
22	1.8238	10	r4
23	1.8795	10	r4
24	1.9351	10	r4
25	1.9923	10	r4
26	2.0412	10	r4
27	2.0893	10	r4
28	2.1396	10	r4
29	2.1917	10	r4
30	2.2409	10	r4
31	2.2911	10	r4
32	2.343	10	r4
33	2.3897	10	r4
34	2.441	10	r4
35	2.4863	10	r4
36	2.5354	10	r4
37	2.5854	10	r4
38	2.6425	10	r4
39	2.6875	10	r4
40	2.7394	10	r4
41	2.7931	10	r4
42	2.8491	10	r4
43	2.9012	10	r4
44	2.9607	10	r4
45	3.019	10	r4
46	3.0685	10	r4
47	3.1327	10	r4
48	3.1964	10	r4
49	3.2642	10	r4
50	3.333	10	r4
51	3.4013	10	r4
52	3.4766	10	r4
53	3.5501	10	r4
54	3.635	10	r4
55	3.7322	10	r4
56	3.83	10	r4
57	3.9253	10	r4
58	4.0091	10	r4
59	4.1117	10	r4
60	4.2035	10	r4
61	4.3002	10	r4
62	4.391	10	r4
63	4.4986	10	r4
64	4.6052	10	r4
65	4.7008	10	r4
66	4.8183	10	r4
67	4.9436	10	r4
68	5.0568	10	r4
69	5.1645	10	r4
70	5.2788	10	r4
71	5.3945	10	r4
72	5.5038	10	r4
73	5.6113	10	r4
74	5.7141	10	r4
75	5.8263	10	r4
76	5.927	10	r4
77	6.0313	10	r4
78	6.1353	10	r4
79	6.2591	10	r4
80	6.3701	10	r4
81	6.4771	10	r4
82	6.5866	10	r4
83	6.6902	10	r4
84	6.7874	10	r4
85	6.8917	10	r4
86	6.9869	10	r4
87	7.0839	10	r4
88	7.1779	10	r4
89	7.2672	10	r4
90	7.3468	10	r4
91	7.4167	10	r4
92	7.4984	10	r4
93	7.5738	10	r4
94	7.6402	10	r4
95	7.7138	10	r4
96	7.7799	10	r4
97	7.8348	10	r4
98	7.9011	10	r4
99	7.9569	10	r4
100	8.0062	10	r4
101	8.0687	10	r4
102	8.1212	10	r4
103	8.1671	10	r4
104	8.2182	10	r4
105	8.2492	10	r4
106	8.2945	10	r4
107	8.3424	10	r4
108	8.3781	10	r4
109	8.406	10	r4
110	8.44	10	r4
111	8.4695	10	r4
112	8.5001	10	r4
113	8.5349	10	r4
114	8.5652	10	r4
115	8.5879	10	r4
116	8.6132	10	r4
117	8.6377	10	r4
118	8.6544	9	r4
119	8.6762	9	r4
120	8.6966	9	r4
121	8.7106	9	r4
122	8.7338	9	r4
123	8.7514	9	r4
124	8.7702	9	r4
125	8.7838	9	r4
126	8.7998	9	r4
127	8.8129	9	r4
128	8.8264	9	r4
129	8.8398	9	r4
130	8.8497	9	r4
131	8.8583	9	r4
132	8.8665	9	r4
133	8.8716	9	r4
134	8.8812	9	r4
135	8.8895	9	r4
136	8.8988	9	r4
137	8.903	9	r4
138	8.9098	9	r4
139	8.9142	9	r4
140	8.9219	9	r4
141	8.9281	9	r4
142	8.9331	9	r4
143	8.9365	9	r4
144	8.9403	9	r4
145	8.9427	9	r4
146	8.9459	9	r4
147	8.9471	9	r4
148	8.9492	9	r4
149	8.951	9	r4
150	8.9557	9	r4
151	8.9569	9	r4
152	8.9604	9	r4
153	8.9625	9	r4
154	8.9642	9	r4
155	8.9674	9	r4
156	8.9668	9	r4
157	8.9695	9	r4
158	8.973	9	r4
159	8.9756	9	r4
160	8.9769	9	r4
161	8.9784	9	r4
162	8.9795	9	r4
163	8.9813	8	r4
164	8.9832	8	r4
165	8.986	8	r4
166	8.9874	8	r4
167	1.477	8	r4
168	8.6289	8	r4
169	8.6302	8	r4
170	8.631	7	r4
171	8.6319	8	r4
172	8.6321	8	r4
173	2.184	8	r4
174	5.4083	8	r4
175	7.9139	7	r4
176	1.4583	7	r4
177	7.5554	6	r4
178	3.2497	7	r4
179	2.1715	6	r4
180	6.1181	6	r4
181	5.0399	7	r4
182	5.7566	7	r4
183	5.7569	6	r4
184	1.8072	6	r4
185	3.6011	6	r4
186	4.6785	6	r4
187	1.4454	6	r4
188	3.9576	6	r4
189	3.9581	6	r4
190	2.5213	6	r4
191	3.598	5	r4
192	0.3673	6	r4
193	3.2384	6	r4
194	3.2387	5	r4
195	3.2384	5	r4
196	3.2387	5	r4
197	3.2388	5	r4
198	3.2392	5	r4
199	3.2392	5	r4
200	3.2391	6	r4
201	0.3634	5	r4
202	2.8793	4	r4
203	2.8794	3	r4
204	1.0823	3	r4
205	2.5195	3	r4
206	2.5197	3	r4
207	1.4402	2	r4
208	1.7998	2	r4
209	1.7997	2	r4
210	1.44	2	r4
211	0.3607	2	r4
212	1.0798	2	r4
213	1.0799	2	r4
214	0.7198	2	r4
215	0.7199	2	r4
216	0.7198	2	r4
217	0.7199	2	r4
218	0.7199	2	r4
219	0.7199	2	r4
220	0.7198	2	r4
221	0.7199	2	r4
222	0.7198	2	r4
223	0.3601	2	r4
224	0.3598	2	r4
225	0.3599	2	r4
226	0.3598	2	r4
227	0.36	1	r4
0	0	1	r5
1	0.0986	5	r5
2	0.1991	5	r5
3	0.3013	7	r5
4	0.4032	7	r5
5	0.5055	7	r5
6	0.606	8	r5
7	0.7062	7	r5
8	0.8057	8	r5
9	0.9029	8	r5
10	0.9982	9	r5
11	1.0928	8	r5
12	1.1872	9	r5
13	1.2797	10	r5
14	1.3735	10	r5
15	1.4672	10	r5
16	1.5537	10	r5
17	1.6367	10	r5
18	1.7212	10	r5
19	1.8006	10	r5
20	1.8761	10	r5
21	1.9508	10	r5
22	2.0213	10	r5
23	2.09	10	r5
24	2.1602	10	r5
25	2.2257	10	r5
26	2.2981	10	r5
27	2.3704	10	r5
28	2.4385	10	r5
29	2.5019	10	r5
30	2.558	10	r5
31	2.6119	10	r5
32	2.664	10	r5
33	2.7164	10	r5
34	2.7739	10	r5
35	2.8238	10	r5
36	2.8747	10	r5
37	2.9199	10	r5
38	2.9639	10	r5
39	3.0062	10	r5
40	3.0538	10	r5
41	3.1056	10	r5
42	3.1558	10	r5
43	3.2078	10	r5
44	3.2515	10	r5
45	3.2942	10	r5
46	3.3375	10	r5
47	3.3866	10	r5
48	3.4348	10	r5
49	3.4879	10	r5
50	3.5366	10	r5
51	3.5855	10	r5
52	3.6372	10	r5
53	3.6795	10	r5
54	3.7304	10	r5
55	3.7863	10	r5
56	3.8401	10	r5
57	3.8883	10	r5
58	3.9498	10	r5
59	4.0109	10	r5
60	4.0597	10	r5
61	4.1272	10	r5
62	4.1885	10	r5
63	4.2406	10	r5
64	4.3011	10	r5
65	4.3561	10	r5
66	4.4181	10	r5
67	4.4829	10	r5
68	4.5615	10	r5
69	4.6292	10	r5
70	4.7056	10	r5
71	4.7719	10	r5
72	4.8453	10	r5
73	4.9221	10	r5
74	5.0042	10	r5
75	5.0854	10	r5
76	5.1678	10	r5
77	5.2528	10	r5
78	5.3368	10	r5
79	5.4295	10	r5
80	5.5181	10	r5
81	5.6004	10	r5
82	5.6904	10	r5
83	5.7892	10	r5
84	5.878	10	r5
85	5.9724	10	r5
86	6.0659	10	r5
87	6.1512	10	r5
88	6.2485	10	r5
89	6.3296	10	r5
90	6.4234	10	r5
91	6.5147	10	r5
92	6.6153	10	r5
93	6.7009	10	r5
94	6.7963	10	r5
95	6.8615	10	r5
96	6.9495	10	r5
97	7.024	10	r5
98	7.0984	10	r5
99	7.1814	10	r5
100	7.2573	10	r5
101	7.3355	10	r5
102	7.4146	10	r5
103	7.4896	10	r5
104	7.5627	10	r5
105	7.6335	10	r5
106	7.6977	10	r5
107	7.7654	10	r5
108	7.8182	10	r5
109	7.8795	10	r5
110	7.9371	10	r5
111	7.9923	10	r5
112	8.0452	10	r5
113	8.0904	10	r5
114	8.1371	10	r5
115	8.185	10	r5
116	8.2261	10	r5
117	8.2641	10	r5
118	8.2996	10	r5
119	8.3395	10	r5
120	8.3866	10	r5
121	8.4174	10	r5
122	8.4451	10	r5
123	8.4693	10	r5
124	8.5039	10	r5
125	8.5308	10	r5
126	8.5551	10	r5
127	8.5823	10	r5
128	8.6093	10	r5
129	8.6362	10	r5
130	8.6563	10	r5
131	8.6726	10	r5
132	8.6955	9	r5
133	8.7174	9	r5
134	8.7358	9	r5
135	8.755	9	r5
136	8.7661	9	r5
137	8.7768	9	r5
138	8.7865	9	r5
139	8.802	9	r5
140	8.812	9	r5
141	8.8225	9	r5
142	8.8343	9	r5
143	8.8419	9	r5
144	8.854	9	r5
145	8.8644	9	r5
146	8.8704	9	r5
147	8.8821	9	r5
148	8.8901	9	r5
149	8.8954	9	r5
150	8.9007	8	r5
151	8.9092	8	r5
152	8.9146	8	r5
153	8.9192	8	r5
154	8.9243	8	r5
155	8.9277	8	r5
156	8.9293	8	r5
157	8.9359	8	r5
158	8.9396	8	r5
159	8.9422	8	r5
160	8.9448	8	r5
161	8.9454	8	r5
162	5.4152	8	r5
163	8.5911	8	r5
164	8.5914	8	r5
165	8.5945	8	r5
166	8.5994	8	r5
167	8.6008	8	r5
168	8.603	8	r5
169	8.6044	8	r5
170	8.606	8	r5
171	8.6056	8	r5
172	8.6076	8	r5
173	8.6103	8	r5
174	8.6113	8	r5
175	8.6137	8	r5
176	8.6137	8	r5
177	3.6193	8	r5
178	8.2577	8	r5
179	8.2591	8	r5
180	3.6131	8	r5
181	2.1798	8	r5
182	7.1831	8	r5
183	7.1839	8	r5
184	7.1856	8	r5
185	2.8924	8	r5
186	6.4686	8	r5
187	6.4698	8	r5
188	6.4699	8	r5
189	6.4701	8	r5
190	6.4709	8	r5
191	3.9594	8	r5
192	6.1106	8	r5
193	6.1101	8	r5
194	6.1097	8	r5
195	6.1118	8	r5
196	3.9596	8	r5
197	5.3931	8	r5
198	5.3938	8	r5
199	1.8074	8	r5
200	5.0336	8	r5
201	3.959	8	r5
202	0.3686	8	r5
203	3.5945	8	r5
204	3.5943	8	r5
205	3.5944	8	r5
206	1.084	8	r5
207	2.8757	8	r5
208	2.8763	8	r5
209	2.8757	8	r5
210	2.876	8	r5
211	2.8763	8	r5
212	2.8762	8	r5
213	2.1593	8	r5
214	2.5161	8	r5
215	2.1559	8	r5
216	2.1562	8	r5
217	2.1567	8	r5
218	2.1566	8	r5
219	2.1564	8	r5
220	1.0814	8	r5
221	1.7972	8	r5
222	1.7972	8	r5
223	1.7976	8	r5
224	1.7976	8	r5
225	1.7981	7	r5
226	1.7982	6	r5
227	1.7981	6	r5
228	1.7983	7	r5
229	0.7201	6	r5
230	1.0785	6	r5
231	1.0787	6	r5
232	0.7199	5	r5
233	0.7187	6	r5
234	0.7186	6	r5
235	0.7187	6	r5
236	0.7184	6	r5
237	0.7186	6	r5
238	0.7185	6	r5
239	0.7187	6	r5
240	0.7187	6	r5
241	0.7184	6	r5
242	0.719	6	r5
243	0.7191	6	r5
244	0.719	6	r5
245	0.7191	5	r5
246	0.7191	5	r5
247	0.7192	5	r5
248	0.7193	5	r5
249	0.7195	3	r5
250	0.7196	3	r5
251	0.7196	4	r5
252	0.7197	2	r5
253	0.3597	2	r5
254	0.3597	2	r5
255	0.3598	2	r5
256	0.3598	2	r5
257	0.3597	2	r5
258	0.3597	2	r5
259	0.3598	2	r5
260	0.3598	2	r5
261	0.3597	2	r5
262	0.3597	2	r5
263	0.3599	2	r5
264	0.3598	2	r5
265	0.3598	2	r5
266	0.3598	2	r5
267	0.3598	2	r5
268	0.3598	2	r5
269	0.3599	2	r5
270	0.3598	2	r5
271	0.3598	2	r5
272	0.3598	2	r5
273	0.3599	2	r5
274	0.3598	2	r5
275	0.3599	2	r5
276	0.3598	2	r5
277	0.3598	2	r5
278	0.3598	2	r5
279	0.3598	2	r5
280	0.3597	2	r5
281	0.3598	2	r5
282	0.3597	2	r5
283	0.3598	2	r5
284	0.3597	2	r5
285	0.3598	2	r5
286	0.3597	2	r5
287	0.3597	2	r5
288	0.3598	2	r5
289	0.3598	2	r5
290	0.3599	2	r5
291	0.3599	2	r5
292	0.3599	2	r5
293	0.3599	2	r5
294	0.3598	2	r5
295	0.3598	2	r5
296	0.3599	2	r5
297	0.3598	2	r5
298	0.3599	2	r5
299	0.3598	2	r5
300	0.3599	2	r5
301	0.3599	2	r5
302	0.3599	2	r5
303	0.3598	2	r5
304	0.3599	2	r5
305	0.3598	2	r5
306	0.3599	2	r5
307	0.3598	2	r5
308	0.3599	2	r5
309	0.3599	2	r5
310	0.36	1	r5
0	0	1	r6
1	0.0995	4	r6
2	0.1993	5	r6
3	0.2974	6	r6
4	0.3993	7	r6
5	0.5019	7	r6
6	0.607	7	r6
7	0.7058	8	r6
8	0.807	8	r6
9	0.91	8	r6
10	1.0131	9	r6
11	1.1074	9	r6
12	1.2071	9	r6
13	1.3005	9	r6
14	1.3959	9	r6
15	1.4974	9	r6
16	1.5933	10	r6
17	1.6819	10	r6
18	1.7748	10	r6
19	1.872	10	r6
20	1.9559	10	r6
21	2.0424	10	r6
22	2.1331	10	r6
23	2.219	10	r6
24	2.3051	10	r6
25	2.388	10	r6
26	2.4741	10	r6
27	2.5491	10	r6
28	2.6227	10	r6
29	2.6968	10	r6
30	2.7665	10	r6
31	2.8369	10	r6
32	2.9027	10	r6
33	2.9621	10	r6
34	3.0213	10	r6
35	3.0905	10	r6
36	3.1458	10	r6
37	3.2086	10	r6
38	3.2691	10	r6
39	3.331	10	r6
40	3.3866	10	r6
41	3.439	10	r6
42	3.4936	10	r6
43	3.5469	10	r6
44	3.6052	10	r6
45	3.6624	10	r6
46	3.7029	10	r6
47	3.7545	10	r6
48	3.7988	10	r6
49	3.8487	10	r6
50	3.8998	10	r6
51	3.9509	10	r6
52	3.9993	10	r6
53	4.0454	10	r6
54	4.0963	10	r6
55	4.1421	10	r6
56	4.1878	10	r6
57	4.2303	10	r6
58	4.2832	10	r6
59	4.326	10	r6
60	4.3791	10	r6
61	4.4283	10	r6
62	4.4796	10	r6
63	4.5325	10	r6
64	4.5849	10	r6
65	4.632	10	r6
66	4.6736	10	r6
67	4.7177	10	r6
68	4.7662	10	r6
69	4.809	10	r6
70	4.8551	10	r6
71	4.9149	10	r6
72	4.9648	10	r6
73	5.0186	10	r6
74	5.0805	10	r6
75	5.1484	10	r6
76	5.2001	10	r6
77	5.2641	10	r6
78	5.3123	10	r6
79	5.3662	10	r6
80	5.4233	10	r6
81	5.4932	10	r6
82	5.549	10	r6
83	5.6149	10	r6
84	5.6847	10	r6
85	5.746	10	r6
86	5.8141	10	r6
87	5.8843	10	r6
88	5.9571	10	r6
89	6.0383	10	r6
90	6.1048	10	r6
91	6.1714	10	r6
92	6.2464	10	r6
93	6.3118	10	r6
94	6.4007	10	r6
95	6.4742	10	r6
96	6.5511	10	r6
97	6.6281	10	r6
98	6.7002	10	r6
99	6.7685	10	r6
100	6.8413	10	r6
101	6.9097	10	r6
102	6.9717	10	r6
103	7.0347	10	r6
104	7.1031	10	r6
105	7.1769	10	r6
106	7.2409	10	r6
107	7.3051	10	r6
108	7.3676	10	r6
109	7.4314	10	r6
110	7.4993	10	r6
111	7.5678	10	r6
112	7.6394	10	r6
113	7.6943	10	r6
114	7.7523	10	r6
115	7.8082	10	r6
116	7.862	10	r6
117	7.9084	10	r6
118	7.9475	10	r6
119	8.0038	10	r6
120	8.0586	10	r6
121	8.1132	10	r6
122	8.1561	10	r6
123	8.2085	10	r6
124	8.2534	10	r6
125	8.2971	10	r6
126	8.3328	10	r6
127	8.3725	10	r6
128	8.4042	10	r6
129	8.4379	10	r6
130	8.4681	9	r6
131	8.4953	9	r6
132	8.5193	9	r6
133	8.5462	9	r6
134	8.5619	9	r6
135	8.5875	9	r6
136	8.61	9	r6
137	8.6333	9	r6
138	8.6593	9	r6
139	8.6826	9	r6
140	8.6979	9	r6
141	8.7152	9	r6
142	8.7305	9	r6
143	8.7472	9	r6
144	8.7665	9	r6
145	8.7782	9	r6
146	8.786	9	r6
147	8.7963	9	r6
148	8.8125	9	r6
149	8.8255	9	r6
150	8.8358	9	r6
151	8.8445	9	r6
152	8.8481	9	r6
153	8.853	9	r6
154	8.8601	9	r6
155	8.8702	9	r6
156	8.8776	9	r6
157	8.8849	9	r6
158	8.8925	9	r6
159	8.9022	9	r6
160	8.9103	9	r6
161	8.9149	9	r6
162	8.9215	9	r6
163	8.9283	9	r6
164	8.9339	9	r6
165	8.9388	9	r6
166	8.9419	9	r6
167	8.9464	9	r6
168	8.9483	9	r6
169	8.9515	9	r6
170	8.9552	9	r6
171	8.9605	8	r6
172	8.9623	8	r6
173	8.965	8	r6
174	8.9684	8	r6
175	8.9707	7	r6
176	8.9734	7	r6
177	8.976	7	r6
178	8.9774	7	r6
179	8.9788	7	r6
180	8.98	7	r6
181	1.1111	7	r6
182	8.6232	7	r6
183	1.8222	7	r6
184	8.2648	7	r6
185	8.2647	7	r6
186	8.2659	7	r6
187	8.2671	7	r6
188	1.8166	7	r6
189	7.5486	7	r6
190	7.5501	7	r6
191	7.5519	7	r6
192	0.7328	7	r6
193	5.0381	7	r6
194	5.7568	7	r6
195	4.3204	7	r6
196	2.5235	7	r6
197	0.7271	7	r6
198	5.3952	7	r6
199	5.3959	6	r6
200	0.7278	6	r6
201	5.0363	6	r6
202	5.0368	6	r6
203	5.0368	6	r6
204	2.5212	6	r6
205	4.6767	6	r6
206	4.6773	6	r6
207	4.6775	6	r6
208	3.9577	6	r6
209	3.2383	6	r6
210	3.598	6	r6
211	3.5981	6	r6
212	3.2385	6	r6
213	1.0814	5	r6
214	1.7999	5	r6
215	2.5186	5	r6
216	0.7205	5	r6
217	1.7988	5	r6
218	1.799	5	r6
219	1.7992	5	r6
220	1.7991	5	r6
221	1.4395	5	r6
222	1.4395	5	r6
223	1.0795	5	r6
224	1.0795	5	r6
225	1.0791	5	r6
226	1.0793	5	r6
227	0.7195	4	r6
228	0.7197	3	r6
229	0.7196	4	r6
230	0.7195	5	r6
231	0.7196	3	r6
232	0.7196	2	r6
233	0.7195	3	r6
234	0.7196	3	r6
235	0.7197	3	r6
236	0.7196	3	r6
237	0.3601	3	r6
238	0.3598	3	r6
239	0.3598	2	r6
240	0.3598	3	r6
241	0.3598	4	r6
242	0.3598	3	r6
243	0.3599	3	r6
244	0.3598	3	r6
245	0.3598	3	r6
246	0.3598	3	r6
247	0.3598	3	r6
248	0.3598	3	r6
249	0.3598	3	r6
250	0.3598	2	r6
251	0.3598	2	r6
252	0.3598	2	r6
253	0.3599	2	r6
254	0.3599	2	r6
255	0.3599	2	r6
256	0.3599	2	r6
257	0.3598	2	r6
258	0.3599	2	r6
259	0.3598	2	r6
260	0.3598	2	r6
261	0.3599	2	r6
262	0.3599	2	r6
263	0.3599	2	r6
264	0.3599	2	r6
265	0.36	1	r6
