0.1
0.18325
0.2524723
0.3099471
0.3575846
0.3969844
0.4294868
0.4562142
0.4781069
0.4959524
0.5104103
0.5220333
0.531284
0.5385502
0.5441566
0.5483752
0.5514336
0.5535228
0.5548026
0.5554067
0.5554472
0.5550182
0.5541981
0.5530529
0.5516377
0.5499986
0.5481744
0.5461974
0.5440948
0.5418891
0.5395996
0.5372419
0.5348295
0.5323734
0.5298831
0.5273662
0.5248294
0.522278
0.5197166
0.517149
0.5145784
0.5120074
0.5094382
0.5068727
0.5043124
0.5017585
0.4992122
0.4966742
0.4941453
0.4916261
0.4891171
0.4866187
0.4841312
0.4816548
0.4791897
0.4767362
0.4742943
0.4718642
0.4694458
0.4670393
0.4646447
0.462262
0.4598912
0.4575323
0.4551852
0.45285
0.4505267
0.4482151
0.4459153
0.4436272
0.4413507
0.4390859
0.4368326
0.4345908
0.4323606
0.4301417
0.4279342
0.425738
0.423553
0.4213793
0.4192166
0.4170651
0.4149246
0.4127951
0.4106765
0.4085688
0.4064719
0.4043857
0.4023103
0.4002455
0.3981913
0.3961476
0.3941145
0.3920917
0.3900794
0.3880773
0.3860856
0.384104
0.3821327
0.3801714
0.3782202
