Time	Displacement	BinCount	Variance	Velocity	Label
0	0	1	0	0	1093480131402113
1	0.97	11	1.73756	0.97	1093480131402113
2	1.9	13	1.73205	0.93	1093480131402113
3	2.87	14	2.21429	0.97	1093480131402113
4	3.83	15	2.38351	0.96	1093480131402113
5	4.79	17	2.54871	0.96	1093480131402113
6	5.62	18	2.65812	0.83	1093480131402113
7	6.42	19	2.67275	0.8	1093480131402113
8	7.29	21	3.04564	0.87	1093480131402113
9	8.1	21	3.30606	0.81	1093480131402113
10	8.75	23	3.26458	0.65	1093480131402113
11	9.54	22	4.3311	0.79	1093480131402113
12	10.1	21	4.0025	0.56	1093480131402113
13	10.7	20	3.84057	0.6	1093480131402113
14	11.22	21	3.57514	0.52	1093480131402113
15	11.75	21	3.53942	0.53	1093480131402113
16	12.23	21	3.37892	0.48	1093480131402113
17	12.74	21	3.18628	0.51	1093480131402113
18	13.21	20	3.02091	0.47	1093480131402113
19	13.63	20	3.36052	0.42	1093480131402113
20	14.05	20	2.9099	0.42	1093480131402113
21	14.49	20	3.01992	0.44	1093480131402113
22	14.92	21	3.39022	0.43	1093480131402113
23	15.3	20	3.68917	0.38	1093480131402113
24	15.63	19	3.68281	0.33	1093480131402113
25	15.93	19	3.81904	0.3	1093480131402113
26	16.22	19	3.95621	0.29	1093480131402113
27	16.56	20	4.2245	0.34	1093480131402113
28	16.87	20	4.28288	0.31	1093480131402113
29	17.14	20	3.98753	0.27	1093480131402113
30	17.37	21	4.3958	0.23	1093480131402113
31	17.63	21	4.33741	0.26	1093480131402113
32	17.9	22	4.10244	0.27	1093480131402113
33	18.13	21	4.21937	0.23	1093480131402113
34	18.38	21	4.32846	0.25	1093480131402113
35	18.6	19	4.5793	0.22	1093480131402113
36	18.85	21	4.60733	0.25	1093480131402113
37	19.08	19	4.94202	0.23	1093480131402113
38	19.26	19	5.29834	0.18	1093480131402113
39	19.47	20	5.30934	0.21	1093480131402113
40	19.83	20	6.17342	0.36	1093480131402113
41	20.51	20	8.43623	0.68	1093480131402113
42	20.64	20	8.43092	0.13	1093480131402113
43	20.8	20	8.45931	0.16	1093480131402113
44	20.98	20	8.46225	0.18	1093480131402113
45	21.14	20	8.49355	0.16	1093480131402113
46	21.34	22	8.47611	0.2	1093480131402113
47	21.45	22	8.54152	0.11	1093480131402113
48	21.55	22	8.46448	0.1	1093480131402113
49	21.7	22	8.50941	0.15	1093480131402113
50	21.83	24	8.60006	0.13	1093480131402113
51	21.98	24	8.50586	0.15	1093480131402113
52	22.12	23	8.57179	0.14	1093480131402113
53	22.24	24	8.68979	0.12	1093480131402113
54	22.39	23	8.6878	0.15	1093480131402113
55	22.55	24	8.44911	0.16	1093480131402113
56	22.69	25	8.57169	0.14	1093480131402113
57	22.89	24	8.68608	0.2	1093480131402113
58	23.11	22	9.04864	0.22	1093480131402113
59	23.28	24	9.27155	0.17	1093480131402113
60	23.38	23	9.379	0.1	1093480131402113
61	24.07	23	11.1564	0.69	1093480131402113
62	24.21	25	11.1371	0.14	1093480131402113
63	24.35	25	11.1457	0.14	1093480131402113
64	24.48	24	11.0783	0.13	1093480131402113
65	24.59	24	11.1181	0.11	1093480131402113
66	24.7	25	11.1324	0.11	1093480131402113
67	24.82	26	11.1453	0.12	1093480131402113
68	24.95	25	11.0502	0.13	1093480131402113
69	25.03	24	11.0648	0.08	1093480131402113
70	25.13	23	11.0889	0.1	1093480131402113
71	25.27	25	11.0985	0.14	1093480131402113
72	25.41	24	11.0255	0.14	1093480131402113
73	25.49	24	11.0878	0.08	1093480131402113
74	25.62	26	11.0948	0.13	1093480131402113
75	25.75	30	11.0958	0.13	1093480131402113
76	25.87	28	11.0983	0.12	1093480131402113
77	25.98	29	11.0521	0.11	1093480131402113
78	26.06	27	11.1111	0.08	1093480131402113
79	26.21	29	11.1097	0.15	1093480131402113
80	26.32	33	11.2119	0.11	1093480131402113
81	26.51	33	11.1202	0.19	1093480131402113
82	26.66	34	11.1725	0.15	1093480131402113
83	26.76	35	11.2598	0.1	1093480131402113
84	26.89	36	11.2218	0.13	1093480131402113
85	27.02	37	11.3106	0.13	1093480131402113
86	27.13	37	11.3602	0.11	1093480131402113
87	27.24	39	11.3522	0.11	1093480131402113
88	27.48	36	11.2854	0.24	1093480131402113
89	27.59	36	11.3376	0.11	1093480131402113
90	27.7	36	11.3084	0.11	1093480131402113
91	27.86	38	11.4013	0.16	1093480131402113
92	28.01	40	11.3987	0.15	1093480131402113
93	28.25	42	11.4968	0.24	1093480131402113
94	28.48	41	11.5291	0.23	1093480131402113
95	28.77	42	11.7876	0.29	1093480131402113
96	29.01	43	11.7575	0.24	1093480131402113
97	29.17	44	11.7776	0.16	1093480131402113
98	29.37	44	11.8993	0.2	1093480131402113
99	29.57	47	12.0501	0.2	1093480131402113
100	29.86	47	12.0478	0.29	1093480131402113
101	30.04	48	12.2339	0.18	1093480131402113
102	30.3	47	12.2417	0.26	1093480131402113
103	30.62	48	12.3453	0.32	1093480131402113
104	30.75	48	12.4446	0.13	1093480131402113
105	30.95	49	12.7101	0.2	1093480131402113
106	31.24	51	12.7977	0.29	1093480131402113
107	31.49	49	12.9128	0.25	1093480131402113
108	31.77	48	12.9706	0.28	1093480131402113
109	31.97	49	13.1366	0.2	1093480131402113
110	32.19	50	13.3339	0.22	1093480131402113
111	32.6	51	13.3746	0.41	1093480131402113
112	32.95	51	13.4973	0.35	1093480131402113
113	33.14	51	13.5934	0.19	1093480131402113
114	33.52	50	13.7146	0.38	1093480131402113
115	33.74	52	13.9468	0.22	1093480131402113
116	33.98	53	13.9928	0.24	1093480131402113
117	34.16	53	14.0682	0.18	1093480131402113
118	34.51	54	14.232	0.35	1093480131402113
119	34.85	53	14.215	0.34	1093480131402113
120	35.02	54	14.4277	0.17	1093480131402113
121	35.55	54	14.4754	0.53	1093480131402113
122	35.83	53	14.7354	0.28	1093480131402113
123	36.13	53	14.821	0.3	1093480131402113
124	36.46	54	14.7803	0.33	1093480131402113
125	36.82	53	15.0053	0.36	1093480131402113
126	37.25	52	15.0458	0.43	1093480131402113
127	37.59	51	15.0779	0.34	1093480131402113
128	38.04	52	15.4618	0.45	1093480131402113
129	38.42	52	15.4717	0.38	1093480131402113
130	38.73	52	15.5453	0.31	1093480131402113
131	39.14	52	15.5808	0.41	1093480131402113
132	39.29	53	15.7945	0.15	1093480131402113
133	39.92	53	15.821	0.63	1093480131402113
134	40.49	53	16.1003	0.57	1093480131402113
135	40.83	55	16.132	0.34	1093480131402113
136	41.2	55	16.1543	0.37	1093480131402113
137	41.4	55	16.2274	0.2	1093480131402113
138	41.84	55	16.3525	0.44	1093480131402113
139	42.15	55	16.2304	0.31	1093480131402113
140	42.71	55	16.2282	0.56	1093480131402113
141	43.32	55	16.3119	0.61	1093480131402113
142	43.86	55	16.4219	0.54	1093480131402113
143	44.3	55	16.5611	0.44	1093480131402113
144	44.81	54	16.6131	0.51	1093480131402113
145	45.42	56	16.6143	0.61	1093480131402113
146	45.83	55	16.6764	0.41	1093480131402113
147	46.4	55	16.7642	0.57	1093480131402113
148	46.85	55	16.9064	0.45	1093480131402113
149	47.36	56	16.96	0.51	1093480131402113
150	47.96	55	16.9118	0.6	1093480131402113
151	48.33	55	17.0632	0.37	1093480131402113
152	48.93	56	17.0128	0.6	1093480131402113
153	49.36	56	17.154	0.43	1093480131402113
154	49.83	55	17.1989	0.47	1093480131402113
155	50.22	55	17.1704	0.39	1093480131402113
156	50.63	56	17.2013	0.41	1093480131402113
157	51.21	57	17.1174	0.58	1093480131402113
158	51.72	57	17.2558	0.51	1093480131402113
159	52.38	57	17.2103	0.66	1093480131402113
160	52.79	57	17.2051	0.41	1093480131402113
161	53.42	58	17.1503	0.63	1093480131402113
162	53.69	58	17.2625	0.27	1093480131402113
163	54.16	57	17.1553	0.47	1093480131402113
164	54.5	59	17.1628	0.34	1093480131402113
165	54.76	58	17.2459	0.26	1093480131402113
166	55.23	59	17.1221	0.47	1093480131402113
167	55.77	59	17.1239	0.54	1093480131402113
168	56.06	60	17.1271	0.29	1093480131402113
169	56.4	60	17.0892	0.34	1093480131402113
170	56.83	61	17.0444	0.43	1093480131402113
171	57.29	59	16.9043	0.46	1093480131402113
172	57.51	59	16.9254	0.22	1093480131402113
173	57.97	60	16.7925	0.46	1093480131402113
174	58.34	60	16.8212	0.37	1093480131402113
175	58.62	61	16.7564	0.28	1093480131402113
176	59.1	61	16.5502	0.48	1093480131402113
177	59.22	62	16.674	0.12	1093480131402113
178	59.57	62	16.6113	0.35	1093480131402113
179	59.92	63	16.4086	0.35	1093480131402113
180	60.17	64	16.3933	0.25	1093480131402113
181	60.44	65	16.1962	0.27	1093480131402113
182	60.8	66	16.0745	0.36	1093480131402113
183	61.08	65	15.8683	0.28	1093480131402113
184	61.36	66	15.8774	0.28	1093480131402113
185	61.61	67	15.9448	0.25	1093480131402113
186	62.08	67	15.5667	0.47	1093480131402113
187	62.49	65	15.5904	0.41	1093480131402113
188	62.79	66	15.5086	0.3	1093480131402113
189	63.17	65	15.3281	0.38	1093480131402113
190	63.39	66	15.4363	0.22	1093480131402113
191	63.66	68	15.3637	0.27	1093480131402113
192	64.02	69	15.2833	0.36	1093480131402113
193	64.36	67	14.9973	0.34	1093480131402113
194	64.71	70	14.9698	0.35	1093480131402113
195	65.13	70	14.5634	0.42	1093480131402113
196	65.38	73	14.6648	0.25	1093480131402113
197	65.74	71	14.5283	0.36	1093480131402113
198	66.02	72	14.4208	0.28	1093480131402113
199	66.26	73	14.468	0.24	1093480131402113
200	66.61	71	14.1675	0.35	1093480131402113
201	66.95	71	13.9412	0.34	1093480131402113
202	67.28	68	13.6522	0.33	1093480131402113
203	67.52	66	13.4978	0.24	1093480131402113
204	67.72	66	13.5319	0.2	1093480131402113
205	68.08	66	13.1337	0.36	1093480131402113
206	68.21	68	13.1349	0.13	1093480131402113
207	68.41	68	12.9754	0.2	1093480131402113
208	68.57	71	13.1429	0.16	1093480131402113
209	68.74	70	12.9843	0.17	1093480131402113
210	69.04	71	12.9181	0.3	1093480131402113
211	69.18	73	12.7698	0.14	1093480131402113
212	69.41	72	12.8005	0.23	1093480131402113
213	69.59	72	12.6725	0.18	1093480131402113
214	69.77	74	12.7258	0.18	1093480131402113
215	69.97	74	12.5574	0.2	1093480131402113
216	70.11	74	12.636	0.14	1093480131402113
217	70.25	73	12.2437	0.14	1093480131402113
218	70.5	73	12.0826	0.25	1093480131402113
219	70.75	73	12.1374	0.25	1093480131402113
220	70.9	73	12.2613	0.15	1093480131402113
221	71.13	73	11.8934	0.23	1093480131402113
222	71.19	73	12.2794	0.06	1093480131402113
223	71.43	73	12.1101	0.24	1093480131402113
224	71.65	73	11.7485	0.22	1093480131402113
225	71.81	72	11.6316	0.16	1093480131402113
226	71.96	72	11.6262	0.15	1093480131402113
227	72.2	72	11.3062	0.24	1093480131402113
228	72.39	72	11.3683	0.19	1093480131402113
229	72.54	72	11.4965	0.15	1093480131402113
230	72.75	72	11.3709	0.21	1093480131402113
231	72.95	72	11.4135	0.2	1093480131402113
232	73.05	72	11.5138	0.1	1093480131402113
233	73.23	72	11.3357	0.18	1093480131402113
234	73.49	72	11.2894	0.26	1093480131402113
235	73.71	72	10.9798	0.22	1093480131402113
236	73.89	72	11.0701	0.18	1093480131402113
237	74.08	72	11.0835	0.19	1093480131402113
238	74.27	71	10.9666	0.19	1093480131402113
239	74.46	71	11.0999	0.19	1093480131402113
240	74.59	71	11.1585	0.13	1093480131402113
241	74.75	69	11.1475	0.16	1093480131402113
242	74.93	70	11.2359	0.18	1093480131402113
243	75.11	70	11.4489	0.18	1093480131402113
244	75.31	70	11.3346	0.2	1093480131402113
245	75.58	69	11.1581	0.27	1093480131402113
246	75.78	68	11.0395	0.2	1093480131402113
247	75.96	68	11.326	0.18	1093480131402113
248	76.13	67	11.4522	0.17	1093480131402113
249	76.28	65	11.3102	0.15	1093480131402113
250	76.43	65	11.4064	0.15	1093480131402113
251	76.63	67	11.0324	0.2	1093480131402113
252	76.84	66	11.1429	0.21	1093480131402113
253	76.95	67	11.3722	0.11	1093480131402113
254	77.16	68	11.2243	0.21	1093480131402113
255	77.22	68	11.3948	0.06	1093480131402113
256	77.37	67	10.9107	0.15	1093480131402113
257	77.5	67	11.0887	0.13	1093480131402113
258	77.69	67	11.3892	0.19	1093480131402113
259	77.96	67	11.0534	0.27	1093480131402113
260	78.21	66	10.8791	0.25	1093480131402113
261	78.32	65	10.9607	0.11	1093480131402113
262	78.38	65	11.2825	0.06	1093480131402113
263	78.64	63	11.1324	0.26	1093480131402113
264	78.87	65	11.0965	0.23	1093480131402113
265	79.17	65	10.9919	0.3	1093480131402113
266	79.41	63	10.9974	0.24	1093480131402113
267	79.65	63	10.7679	0.24	1093480131402113
268	79.81	61	10.9523	0.16	1093480131402113
269	79.97	64	11.0345	0.16	1093480131402113
270	80.1	61	11.149	0.13	1093480131402113
271	80.2	60	11.4704	0.1	1093480131402113
272	80.43	59	11.0528	0.23	1093480131402113
273	80.55	59	11.2702	0.12	1093480131402113
274	80.72	57	11.0789	0.17	1093480131402113
275	80.98	53	11.1085	0.26	1093480131402113
276	81.14	56	11.1018	0.16	1093480131402113
277	81.32	54	11.0945	0.18	1093480131402113
278	81.44	55	11.1739	0.12	1093480131402113
279	81.73	55	10.989	0.29	1093480131402113
280	81.99	55	11.0562	0.26	1093480131402113
281	82.21	55	10.9451	0.22	1093480131402113
282	82.43	53	11.206	0.22	1093480131402113
283	82.68	54	10.9438	0.25	1093480131402113
284	82.81	53	11.0718	0.13	1093480131402113
285	82.96	52	10.9981	0.15	1093480131402113
286	83.15	51	11.0967	0.19	1093480131402113
287	83.27	49	11.0701	0.12	1093480131402113
288	83.38	47	10.983	0.11	1093480131402113
289	83.69	44	10.2588	0.31	1093480131402113
290	83.87	41	10.4863	0.18	1093480131402113
291	84.09	42	10.6706	0.22	1093480131402113
292	84.3	44	10.5247	0.21	1093480131402113
293	84.49	43	10.8991	0.19	1093480131402113
294	84.61	43	10.7758	0.12	1093480131402113
295	84.81	44	10.6707	0.2	1093480131402113
296	84.9	39	10.9302	0.09	1093480131402113
297	85.04	39	10.7144	0.14	1093480131402113
298	85.32	37	10.3459	0.28	1093480131402113
299	85.54	35	10.3101	0.22	1093480131402113
300	85.76	34	10.3683	0.22	1093480131402113
301	85.95	33	10.3212	0.19	1093480131402113
302	86.11	33	10.5294	0.16	1093480131402113
303	86.39	33	10.279	0.28	1093480131402113
304	86.68	33	10.314	0.29	1093480131402113
305	86.88	33	10.2394	0.2	1093480131402113
306	87.07	33	10.4132	0.19	1093480131402113
307	87.22	32	10.4886	0.15	1093480131402113
308	87.42	32	10.3414	0.2	1093480131402113
309	87.63	32	10.3766	0.21	1093480131402113
310	87.93	32	10.3824	0.3	1093480131402113
311	88.13	32	10.4093	0.2	1093480131402113
312	88.34	32	10.3786	0.21	1093480131402113
313	88.42	31	10.4921	0.08	1093480131402113
314	88.53	31	10.3942	0.11	1093480131402113
315	88.64	32	10.5911	0.11	1093480131402113
316	88.72	32	10.4001	0.08	1093480131402113
317	88.9	32	10.3078	0.18	1093480131402113
318	89.02	32	10.3648	0.12	1093480131402113
319	89.15	32	10.0979	0.13	1093480131402113
320	89.29	31	10.4209	0.14	1093480131402113
321	89.45	30	10.3459	0.16	1093480131402113
322	89.55	30	10.37	0.1	1093480131402113
323	89.8	30	9.9995	0.25	1093480131402113
324	89.88	30	10.0953	0.08	1093480131402113
325	90.06	30	10.1023	0.18	1093480131402113
326	90.43	30	9.7527	0.37	1093480131402113
327	90.54	30	9.88779	0.11	1093480131402113
328	90.68	30	9.69472	0.14	1093480131402113
329	90.91	30	9.67791	0.23	1093480131402113
330	91.03	29	9.93927	0.12	1093480131402113
331	91.22	29	9.42558	0.19	1093480131402113
332	91.29	29	9.80948	0.07	1093480131402113
333	91.48	29	9.47732	0.19	1093480131402113
334	91.63	29	9.37193	0.15	1093480131402113
335	91.81	29	9.71153	0.18	1093480131402113
336	92.02	29	9.47152	0.21	1093480131402113
337	92.15	29	9.55811	0.13	1093480131402113
338	92.33	29	9.52686	0.18	1093480131402113
339	92.52	28	9.31287	0.19	1093480131402113
340	92.5	28	9.49474	-0.02	1093480131402113
341	92.63	28	9.10566	0.13	1093480131402113
342	92.68	28	9.01652	0.05	1093480131402113
343	92.67	28	9.12859	-0.01	1093480131402113
344	92.85	28	9.09492	0.18	1093480131402113
345	92.84	28	9.4305	-0.01	1093480131402113
346	92.96	28	9.1076	0.12	1093480131402113
347	93.02	28	8.7738	0.06	1093480131402113
348	93.1	28	8.99889	0.08	1093480131402113
349	93.3	28	8.956	0.2	1093480131402113
350	93.4	28	8.91403	0.1	1093480131402113
351	93.51	28	8.97217	0.11	1093480131402113
352	93.59	28	8.63203	0.08	1093480131402113
353	93.61	28	8.69125	0.02	1093480131402113
354	93.72	28	8.90178	0.11	1093480131402113
355	93.82	28	8.70676	0.1	1093480131402113
356	93.95	28	8.9854	0.13	1093480131402113
357	94.07	28	8.64205	0.12	1093480131402113
358	94.16	28	8.64375	0.09	1093480131402113
359	94.27	28	8.78846	0.11	1093480131402113
360	94.36	27	8.70462	0.09	1093480131402113
361	94.43	27	8.34776	0.07	1093480131402113
362	94.57	27	8.13296	0.14	1093480131402113
363	94.56	27	8.52974	-0.01	1093480131402113
364	94.61	26	8.48398	0.05	1093480131402113
365	94.65	26	8.33772	0.04	1093480131402113
366	94.7	26	8.15598	0.05	1093480131402113
367	94.77	26	8.01917	0.07	1093480131402113
368	94.77	26	8.36463	0	1093480131402113
369	94.88	26	8.31117	0.11	1093480131402113
370	95	26	7.94544	0.12	1093480131402113
371	95.13	26	7.58638	0.13	1093480131402113
372	95.15	26	8.01171	0.02	1093480131402113
373	95.23	26	8.03723	0.08	1093480131402113
374	95.36	26	7.70068	0.13	1093480131402113
375	95.5	26	7.51665	0.14	1093480131402113
376	95.58	26	7.82008	0.08	1093480131402113
377	95.66	26	7.8022	0.08	1093480131402113
378	95.71	26	7.59117	0.05	1093480131402113
379	95.79	26	7.25713	0.08	1093480131402113
380	95.77	26	7.67053	-0.02	1093480131402113
381	95.89	26	7.54837	0.12	1093480131402113
382	95.96	26	7.43562	0.07	1093480131402113
383	96.09	26	7.14506	0.13	1093480131402113
384	96.15	25	7.00125	0.06	1093480131402113
385	96.2	25	7.41283	0.05	1093480131402113
386	96.32	25	6.79909	0.12	1093480131402113
387	96.41	25	6.98154	0.09	1093480131402113
388	96.53	25	6.50762	0.12	1093480131402113
389	96.62	25	6.39731	0.09	1093480131402113
390	96.7	25	6.1636	0.08	1093480131402113
391	96.69	25	6.81424	-0.01	1093480131402113
392	96.8	25	6.47457	0.11	1093480131402113
393	96.87	25	6.7367	0.07	1093480131402113
394	96.98	25	6.19109	0.11	1093480131402113
395	97.04	25	6.34337	0.06	1093480131402113
396	97.14	25	6.29288	0.1	1093480131402113
397	97.17	25	6.18717	0.03	1093480131402113
398	97.2	24	6.253	0.03	1093480131402113
399	97.25	24	6.33936	0.05	1093480131402113
400	97.33	24	5.6649	0.08	1093480131402113
401	97.32	24	6.14635	-0.01	1093480131402113
402	97.45	24	5.60067	0.13	1093480131402113
403	97.43	24	5.96449	-0.02	1093480131402113
404	97.44	24	6.143	0.01	1093480131402113
405	97.48	24	5.74975	0.04	1093480131402113
406	97.49	24	6.01165	0.01	1093480131402113
407	97.57	24	5.95106	0.08	1093480131402113
408	97.62	24	5.36336	0.05	1093480131402113
409	97.64	24	5.55701	0.02	1093480131402113
410	97.66	24	5.65194	0.02	1093480131402113
411	97.7	23	5.76455	0.04	1093480131402113
412	97.79	24	5.1513	0.09	1093480131402113
413	97.81	23	5.37623	0.02	1093480131402113
414	97.82	23	5.3682	0.01	1093480131402113
415	97.83	23	5.67812	0.01	1093480131402113
416	97.92	21	5.01434	0.09	1093480131402113
417	97.93	22	5.5168	0.01	1093480131402113
418	98.01	23	4.92036	0.08	1093480131402113
419	97.99	23	5.81721	-0.02	1093480131402113
420	98.04	23	5.46886	0.05	1093480131402113
421	98.1	22	5.06656	0.06	1093480131402113
422	98.13	23	4.94197	0.03	1093480131402113
423	98.14	23	5.57767	0.01	1093480131402113
424	98.21	22	5.05627	0.07	1093480131402113
425	98.22	22	5.17606	0.01	1093480131402113
426	98.28	22	4.79808	0.06	1093480131402113
427	98.27	22	5.39417	-0.01	1093480131402113
428	98.31	21	5.03725	0.04	1093480131402113
429	98.33	22	5.22217	0.02	1093480131402113
430	98.37	21	4.92779	0.04	1093480131402113
431	98.39	21	5.06734	0.02	1093480131402113
432	98.39	22	5.29319	0	1093480131402113
433	98.45	21	4.32984	0.06	1093480131402113
434	98.47	21	4.24253	0.02	1093480131402113
435	98.43	22	5.27211	-0.04	1093480131402113
436	98.45	21	5.19687	0.02	1093480131402113
437	98.5	21	4.50444	0.05	1093480131402113
438	98.52	21	4.53317	0.02	1093480131402113
439	98.5	21	4.95782	-0.02	1093480131402113
440	98.53	21	4.70097	0.03	1093480131402113
441	98.53	22	4.93347	0	1093480131402113
442	98.56	22	4.48513	0.03	1093480131402113
443	98.54	22	5.03373	-0.02	1093480131402113
444	98.56	21	4.71131	0.02	1093480131402113
445	98.57	21	4.52826	0.01	1093480131402113
446	98.53	21	5.1874	-0.04	1093480131402113
447	98.55	20	4.78827	0.02	1093480131402113
448	98.56	21	5.06719	0.01	1093480131402113
449	98.58	21	4.60039	0.02	1093480131402113
450	98.58	21	4.67371	0	1093480131402113
451	98.57	21	4.89542	-0.01	1093480131402113
452	98.58	20	4.83773	0.01	1093480131402113
453	98.57	21	5.05916	-0.01	1093480131402113
454	98.59	21	4.91446	0.02	1093480131402113
455	98.62	20	4.39836	0.03	1093480131402113
456	98.61	18	4.7904	-0.01	1093480131402113
457	98.61	18	4.62687	0	1093480131402113
458	98.6	19	5.08232	-0.01	1093480131402113
459	98.62	18	4.6782	0.02	1093480131402113
460	98.63	20	4.6758	0.01	1093480131402113
461	98.62	20	4.97449	-0.01	1093480131402113
462	98.65	20	4.55933	0.03	1093480131402113
463	98.66	19	4.54361	0.01	1093480131402113
464	98.66	19	4.64698	0	1093480131402113
465	98.66	19	4.66416	0	1093480131402113
466	98.67	18	4.56521	0.01	1093480131402113
467	98.7	15	3.89615	0.03	1093480131402113
468	98.7	16	4.34856	0	1093480131402113
469	98.7	17	4.3566	0	1093480131402113
470	98.73	17	3.818	0.03	1093480131402113
471	98.74	16	3.69897	0.01	1093480131402113
472	98.73	16	3.80882	-0.01	1093480131402113
473	98.72	15	4.1535	-0.01	1093480131402113
474	98.72	15	4.14989	0	1093480131402113
475	98.73	15	3.98461	0.01	1093480131402113
476	98.75	15	3.52101	0.02	1093480131402113
477	98.73	15	4.08988	-0.02	1093480131402113
478	98.73	15	4.08131	0	1093480131402113
479	98.72	15	4.29553	-0.01	1093480131402113
480	98.74	15	4.05369	0.02	1093480131402113
481	98.75	15	4.0887	0.01	1093480131402113
482	98.76	15	4.03143	0.01	1093480131402113
483	98.77	14	3.87132	0.01	1093480131402113
484	98.77	14	4.03325	0	1093480131402113
485	98.78	13	4.04247	0.01	1093480131402113
486	98.79	12	3.80341	0.01	1093480131402113
487	98.79	12	3.72504	0	1093480131402113
488	98.8	10	3.38526	0.01	1093480131402113
489	98.81	10	3.23634	0.01	1093480131402113
490	98.81	10	3.374	0	1093480131402113
491	98.82	9	2.98624	0.01	1093480131402113
492	98.82	9	3.07857	0	1093480131402113
493	98.83	8	2.68162	0.01	1093480131402113
494	98.83	8	2.726	0	1093480131402113
495	98.83	7	2.73516	0	1093480131402113
496	98.83	7	2.9208	0	1093480131402113
497	98.85	6	2.26219	0.02	1093480131402113
498	98.85	5	2.45917	0	1093480131402113
499	98.85	5	2.57439	0	1093480131402113
500	98.86	4	2.16111	0.01	1093480131402113
501	98.86	4	2.28919	0	1093480131402113
502	98.87	4	1.85286	0.01	1093480131402113
503	98.87	4	1.90607	0	1093480131402113
504	98.87	4	2.03546	0	1093480131402113
505	98.88	3	1.48849	0.01	1093480131402113
506	98.88	3	1.56704	0	1093480131402113
507	98.88	3	1.66601	0	1093480131402113
508	98.88	3	1.64791	0	1093480131402113
509	98.88	3	1.71336	0	1093480131402113
510	98.88	3	1.65396	0	1093480131402113
511	98.88	3	1.68392	0	1093480131402113
512	98.88	3	1.71919	0	1093480131402113
513	98.88	3	1.78762	0	1093480131402113
514	98.88	3	1.79878	0	1093480131402113
515	98.88	3	1.81538	0	1093480131402113
516	98.88	3	1.85623	0	1093480131402113
517	98.88	3	1.88298	0	1093480131402113
518	98.88	3	1.93018	0	1093480131402113
519	98.88	3	1.95591	0	1093480131402113
520	98.88	3	1.96611	0	1093480131402113
521	98.89	3	1.4553	0.01	1093480131402113
522	98.89	3	1.4553	0	1093480131402113
523	98.89	3	1.48253	0	1093480131402113
524	98.89	3	1.55496	0	1093480131402113
525	98.89	3	1.6149	0	1093480131402113
526	98.89	3	1.63948	0	1093480131402113
527	98.89	3	1.72566	0	1093480131402113
528	98.89	3	1.75439	0	1093480131402113
529	98.89	3	1.80773	0	1093480131402113
530	98.89	3	1.86759	0	1093480131402113
531	98.89	3	1.87294	0	1093480131402113
532	98.89	3	1.88359	0	1093480131402113
533	98.89	3	1.94111	0	1093480131402113
534	98.91	3	nan	0.02	1093480131402113
535	98.91	3	nan	0	1093480131402113
536	98.91	3	0.227816	0	1093480131402113
537	98.91	3	0.460326	0	1093480131402113
538	98.9	3	1.22474	-0.01	1093480131402113
539	98.89	3	1.93078	-0.01	1093480131402113
540	98.89	3	1.97684	0	1093480131402113
541	98.89	3	1.98945	0	1093480131402113
542	98.89	3	2.0169	0	1093480131402113
543	98.89	3	2.05132	0	1093480131402113
544	98.9	2	1.5906	0.01	1093480131402113
545	98.91	3	0.970515	0.01	1093480131402113
546	98.91	3	1.0686	0	1093480131402113
547	98.91	3	1.10991	0	1093480131402113
548	98.91	3	1.17979	0	1093480131402113
549	98.91	3	1.26566	0	1093480131402113
550	98.91	3	1.37182	0	1093480131402113
551	98.91	3	1.42194	0	1093480131402113
552	98.92	3	0.391918	0.01	1093480131402113
553	98.92	3	0.503587	0	1093480131402113
554	98.92	3	0.25219	0	1093480131402113
555	98.92	3	0.378946	0	1093480131402113
556	98.92	3	0.577581	0	1093480131402113
557	98.92	3	0.658483	0	1093480131402113
558	98.91	3	1.60371	-0.01	1093480131402113
559	98.91	3	1.62231	0	1093480131402113
560	98.91	3	1.65285	0	1093480131402113
561	98.91	3	1.70643	0	1093480131402113
562	98.91	3	1.75838	0	1093480131402113
563	98.92	3	1.19315	0.01	1093480131402113
564	98.92	3	1.22621	0	1093480131402113
565	98.93	3	nan	0.01	1093480131402113
566	98.93	3	0.0714143	0	1093480131402113
567	98.93	3	0.587452	0	1093480131402113
568	98.93	3	0.809382	0	1093480131402113
569	98.93	3	0.868965	0	1093480131402113
570	98.93	3	1.00255	0	1093480131402113
571	98.93	3	1.06071	0	1093480131402113
572	98.92	3	1.81483	-0.01	1093480131402113
573	98.92	3	1.87446	0	1093480131402113
574	98.93	3	1.31343	0.01	1093480131402113
575	98.94	3	nan	0.01	1093480131402113
576	98.94	3	0.341174	0	1093480131402113
577	98.94	3	0.395474	0	1093480131402113
578	98.94	3	0.544426	0	1093480131402113
579	98.94	3	0.629603	0	1093480131402113
580	98.94	3	0.711618	0	1093480131402113
581	98.94	3	0.791454	0	1093480131402113
582	98.94	3	0.897998	0	1093480131402113
583	98.94	3	0.972831	0	1093480131402113
584	98.94	3	1.06132	0	1093480131402113
585	98.94	3	1.12534	0	1093480131402113
586	98.94	3	1.20266	0	1093480131402113
587	98.94	3	1.26744	0	1093480131402113
588	98.95	3	nan	0.01	1093480131402113
589	98.95	3	0.278388	0	1093480131402113
590	98.94	3	1.51868	-0.01	1093480131402113
591	98.95	3	0.785812	0.01	1093480131402113
592	98.96	3	nan	0.01	1093480131402113
593	98.96	3	nan	0	1093480131402113
594	98.96	3	0.508331	0	1093480131402113
595	98.96	3	0.677052	0	1093480131402113
596	98.96	3	nan	0	1093480131402113
597	98.95	3	1.39911	-0.01	1093480131402113
598	98.95	3	1.44135	0	1093480131402113
599	98.95	3	1.47564	0	1093480131402113
600	98.96	3	0.60696	0.01	1093480131402113
601	98.96	3	0.726911	0	1093480131402113
602	98.96	3	0.865101	0	1093480131402113
603	98.96	3	0.9531	0	1093480131402113
604	98.96	3	1.03363	0	1093480131402113
605	98.96	3	0.54626	0	1093480131402113
606	98.96	3	0.713022	0	1093480131402113
607	98.96	3	0.74054	0	1093480131402113
608	98.95	3	1.5025	-0.01	1093480131402113
609	98.96	3	0.590254	0.01	1093480131402113
610	98.96	3	0.654523	0	1093480131402113
611	98.96	3	0.713022	0	1093480131402113
612	98.96	3	0.817557	0	1093480131402113
613	98.96	3	0.887919	0	1093480131402113
614	98.97	3	nan	0.01	1093480131402113
615	98.97	3	nan	0	1093480131402113
616	98.97	3	nan	0	1093480131402113
617	98.97	3	nan	0	1093480131402113
618	98.97	3	nan	0	1093480131402113
619	98.97	3	nan	0	1093480131402113
620	98.97	3	nan	0	1093480131402113
621	98.97	3	nan	0	1093480131402113
622	98.96	3	1.23223	-0.01	1093480131402113
623	98.96	3	1.24435	0	1093480131402113
624	98.97	3	nan	0.01	1093480131402113
625	98.96	3	1.27609	-0.01	1093480131402113
626	98.96	3	1.32981	0	1093480131402113
627	98.96	3	1.38145	0	1093480131402113
628	98.96	3	1.43122	0	1093480131402113
629	98.96	3	1.46574	0	1093480131402113
630	98.96	3	1.50612	0	1093480131402113
631	98.96	3	1.53896	0	1093480131402113
632	98.97	3	0.677569	0.01	1093480131402113
633	98.97	3	0.805667	0	1093480131402113
634	98.97	3	0.893924	0	1093480131402113
635	98.97	3	0.953467	0	1093480131402113
636	98.97	3	1.01936	0	1093480131402113
637	98.97	3	0.974218	0	1093480131402113
638	98.97	3	0.984429	0	1093480131402113
639	98.97	3	1.02426	0	1093480131402113
640	98.97	3	1.01445	0	1093480131402113
641	98.97	3	1.01445	0	1093480131402113
642	98.98	3	nan	0.01	1093480131402113
643	98.98	3	nan	0	1093480131402113
644	98.98	3	nan	0	1093480131402113
645	98.98	3	nan	0	1093480131402113
646	98.98	3	nan	0	1093480131402113
647	98.98	3	nan	0	1093480131402113
648	98.98	3	nan	0	1093480131402113
649	98.98	3	nan	0	1093480131402113
650	98.98	3	nan	0	1093480131402113
651	98.98	3	nan	0	1093480131402113
652	98.98	3	0.282135	0	1093480131402113
653	98.98	3	0.446766	0	1093480131402113
654	98.98	3	0.599667	0	1093480131402113
655	98.99	3	nan	0.01	1093480131402113
656	98.99	3	nan	0	1093480131402113
657	98.99	3	nan	0	1093480131402113
658	98.99	3	nan	0	1093480131402113
659	98.98	3	0.974474	-0.01	1093480131402113
660	98.98	3	1.05338	0	1093480131402113
661	98.98	3	1.14438	0	1093480131402113
662	98.98	3	1.19566	0	1093480131402113
663	98.98	3	1.09069	0	1093480131402113
664	98.98	3	1.16172	0	1093480131402113
665	98.98	3	1.19147	0	1093480131402113
666	98.98	3	1.24081	0	1093480131402113
667	98.98	3	1.27264	0	1093480131402113
668	98.98	3	1.33402	0	1093480131402113
669	98.98	3	1.34893	0	1093480131402113
670	98.98	3	1.3927	0	1093480131402113
671	98.98	3	1.43164	0	1093480131402113
672	98.98	3	1.47296	0	1093480131402113
673	98.98	3	1.49987	0	1093480131402113
674	98.98	3	1.51314	0	1093480131402113
675	98.98	3	1.56512	0	1093480131402113
676	98.99	3	nan	0.01	1093480131402113
677	98.99	3	nan	0	1093480131402113
678	98.99	3	nan	0	1093480131402113
679	98.99	3	nan	0	1093480131402113
680	98.99	3	nan	0	1093480131402113
681	98.99	3	nan	0	1093480131402113
682	98.99	3	nan	0	1093480131402113
683	98.99	3	0.264386	0	1093480131402113
684	98.99	3	0.387169	0	1093480131402113
685	98.99	3	0.4999	0	1093480131402113
686	98.99	3	0.538424	0	1093480131402113
687	98.99	3	0.608194	0	1093480131402113
688	98.99	3	0.640234	0	1093480131402113
689	98.99	3	0.670746	0	1093480131402113
690	98.99	3	0.727942	0	1093480131402113
691	98.99	3	0.787337	0	1093480131402113
692	98.98	3	1.62468	-0.01	1093480131402113
693	98.99	3	0.854342	0.01	1093480131402113
694	98.99	3	0.877439	0	1093480131402113
695	98.99	3	0.899944	0	1093480131402113
696	98.99	3	0.943345	0	1093480131402113
697	98.99	3	0.99995	0	1093480131402113
698	98.99	3	1.01975	0	1093480131402113
699	98.99	3	1.05825	0	1093480131402113
700	98.99	3	1.0954	0	1093480131402113
701	98.99	3	1.0954	0	1093480131402113
702	98.99	3	1.12245	0	1093480131402113
703	98.99	3	1.15754	0	1093480131402113
704	98.99	3	1.15754	0	1093480131402113
705	98.99	3	1.15754	0	1093480131402113
706	98.99	3	1.14013	0	1093480131402113
707	98.99	3	1.15321	0	1093480131402113
708	98.99	3	1.17043	0	1093480131402113
709	98.99	3	1.20412	0	1093480131402113
710	98.99	3	1.19578	0	1093480131402113
711	98.99	3	1.19578	0	1093480131402113
712	98.99	3	1.18317	0	1093480131402113
713	98.99	3	1.19996	0	1093480131402113
714	98.99	3	1.21651	0	1093480131402113
715	98.99	3	1.24495	0	1093480131402113
716	98.99	3	1.26091	0	1093480131402113
717	98.99	3	1.27668	0	1093480131402113
718	98.99	3	1.29225	0	1093480131402113
719	98.99	3	1.29996	0	1093480131402113
720	98.99	3	1.28448	0	1093480131402113
721	98.99	3	1.30763	0	1093480131402113
722	98.99	3	1.33787	0	1093480131402113
723	98.99	3	1.32284	0	1093480131402113
724	98.99	3	1.31526	0	1093480131402113
725	98.99	3	1.35274	0	1093480131402113
726	98.99	3	1.35274	0	1093480131402113
727	98.99	3	1.36744	0	1093480131402113
728	98.99	3	1.40353	0	1093480131402113
729	99	3	0.2	0.01	1093480131402113
730	99	3	0.2	0	1093480131402113
731	99	3	0.34641	0	1093480131402113
732	99	3	0.447214	0	1093480131402113
733	99	3	0.509902	0	1093480131402113
734	99	3	0.583095	0	1093480131402113
735	99	3	0.608276	0	1093480131402113
736	99	3	0.67082	0	1093480131402113
737	99	3	0.728011	0	1093480131402113
738	99	3	0.754983	0	1093480131402113
739	99	3	0.806226	0	1093480131402113
740	99	3	0.830662	0	1093480131402113
741	99	3	0.87178	0	1093480131402113
742	99	3	0.894427	0	1093480131402113
743	99	3	0.938083	0	1093480131402113
744	99	3	0.979796	0	1093480131402113
745	99	3	0.989949	0	1093480131402113
746	99	3	1.00995	0	1093480131402113
747	99	3	1.02956	0	1093480131402113
748	99	3	1.06771	0	1093480131402113
749	99	3	1.10454	0	1093480131402113
750	99	3	1.1225	0	1093480131402113
751	99	3	1.15758	0	1093480131402113
752	99	3	1.17473	0	1093480131402113
753	99	3	1.19164	0	1093480131402113
754	99.01	3	nan	0.01	1093480131402113
755	99.01	3	nan	0	1093480131402113
756	99.01	3	nan	0	1093480131402113
757	99.01	3	nan	0	1093480131402113
758	99.01	3	nan	0	1093480131402113
759	99.01	3	nan	0	1093480131402113
760	99	3	1.36015	-0.01	1093480131402113
761	99	3	1.38924	0	1093480131402113
762	99	3	1.41774	0	1093480131402113
763	99	3	1.43178	0	1093480131402113
764	99	3	1.45945	0	1093480131402113
765	99	3	1.47309	0	1093480131402113
766	99	3	1.48661	0	1093480131402113
767	99	3	1.50997	0	1093480131402113
768	99.01	3	0.61636	0.01	1093480131402113
769	99.01	3	0.647997	0	1093480131402113
770	99.01	3	0.678159	0	1093480131402113
771	99.01	3	0.734779	0	1093480131402113
772	99.01	3	0.787337	0	1093480131402113
773	99.01	3	0.8366	0	1093480131402113
774	99.01	3	0.877439	0	1093480131402113
775	99.01	3	0.9219	0	1093480131402113
776	99.01	3	0.964313	0	1093480131402113
777	99.01	3	0.994937	0	1093480131402113
778	99.01	3	1.02465	0	1093480131402113
779	99.01	3	1.05352	0	1093480131402113
780	99.01	3	1.07699	0	1093480131402113
781	99.01	3	1.10449	0	1093480131402113
782	99.01	3	1.13133	0	1093480131402113
783	99.01	3	1.15754	0	1093480131402113
784	99.01	3	1.17469	0	1093480131402113
785	99.01	3	1.1916	0	1093480131402113
786	99.01	3	1.20826	0	1093480131402113
787	99.01	3	1.2247	0	1093480131402113
788	99.01	3	1.24093	0	1093480131402113
789	99.01	3	1.25694	0	1093480131402113
790	99.01	3	1.27275	0	1093480131402113
791	99.01	3	1.28837	0	1093480131402113
792	99.01	3	1.29996	0	1093480131402113
793	99.01	3	1.31526	0	1093480131402113
794	99.01	3	1.33038	0	1093480131402113
795	99.01	3	1.34533	0	1093480131402113
796	99.01	3	1.36011	0	1093480131402113
797	99.01	3	1.37474	0	1093480131402113
798	99.01	3	1.38921	0	1093480131402113
799	98.99	2	1.21651	-0.02	1093480131402113
800	98.99	2	1.22061	0	1093480131402113
801	98.99	2	1.22878	0	1093480131402113
802	98.99	2	1.23689	0	1093480131402113
803	98.99	2	1.24495	0	1093480131402113
804	98.99	2	1.25296	0	1093480131402113
805	98.99	2	1.26091	0	1093480131402113
806	98.99	2	1.26882	0	1093480131402113
807	98.99	2	1.27668	0	1093480131402113
808	98.99	2	1.28448	0	1093480131402113
809	98.99	2	1.29225	0	1093480131402113
810	98.99	2	1.29996	0	1093480131402113
811	98.99	2	1.30763	0	1093480131402113
812	98.99	2	1.31526	0	1093480131402113
813	98.99	2	1.32284	0	1093480131402113
814	98.99	2	1.33038	0	1093480131402113
815	98.99	2	1.33787	0	1093480131402113
816	98.99	2	1.34533	0	1093480131402113
817	98.99	2	1.35274	0	1093480131402113
818	98.99	2	1.36011	0	1093480131402113
819	98.99	2	1.36744	0	1093480131402113
820	98.99	2	1.37474	0	1093480131402113
821	98.99	2	1.38199	0	1093480131402113
822	98.99	2	1.38921	0	1093480131402113
823	98.99	2	1.39639	0	1093480131402113
824	99	1	0	0.01	1093480131402113
