Time	Displacement	BinCount	Variance	Velocity	Label
0	0	1	0	0	471194582318786
1	0.099	4	0.316542	0.099	471194582318786
2	0.2	5	0.450555	0.101	471194582318786
3	0.294	6	0.54641	0.094	471194582318786
4	0.393	6	0.633681	0.099	471194582318786
5	0.494	6	0.715517	0.101	471194582318786
6	0.595	6	0.78802	0.101	471194582318786
7	0.682	7	0.840759	0.087	471194582318786
8	0.784	7	0.897967	0.102	471194582318786
9	0.883	7	0.949901	0.099	471194582318786
10	0.985	7	0.994372	0.102	471194582318786
11	1.08	7	1.04575	0.095	471194582318786
12	1.183	9	1.10522	0.103	471194582318786
13	1.291	9	1.15815	0.108	471194582318786
14	1.39	9	1.20204	0.099	471194582318786
15	1.483	9	1.23195	0.093	471194582318786
16	1.604	9	1.27757	0.121	471194582318786
17	1.697	9	1.30774	0.093	471194582318786
18	1.795	10	1.33116	0.098	471194582318786
19	1.906	10	1.36864	0.111	471194582318786
20	1.994	10	1.40782	0.088	471194582318786
21	2.094	9	1.41992	0.1	471194582318786
22	2.152	10	1.4279	0.058	471194582318786
23	2.242	10	1.45411	0.09	471194582318786
24	2.358	10	1.48015	0.116	471194582318786
25	2.461	11	1.53084	0.103	471194582318786
26	2.573	12	1.55938	0.112	471194582318786
27	2.673	11	1.57831	0.1	471194582318786
28	2.776	10	1.56071	0.103	471194582318786
29	2.862	10	1.58649	0.086	471194582318786
30	2.93	12	1.61496	0.068	471194582318786
31	3.012	12	1.65646	0.082	471194582318786
32	3.132	12	1.70692	0.12	471194582318786
33	3.241	12	1.72711	0.109	471194582318786
34	3.354	13	1.76031	0.113	471194582318786
35	3.46	13	1.78953	0.106	471194582318786
36	3.559	12	1.81012	0.099	471194582318786
37	3.672	13	1.84727	0.113	471194582318786
38	3.793	13	1.87167	0.121	471194582318786
39	3.883	14	1.88317	0.09	471194582318786
40	3.997	13	1.89235	0.114	471194582318786
41	4.096	13	1.9188	0.099	471194582318786
42	4.186	14	1.97013	0.09	471194582318786
43	4.3	14	2.001	0.114	471194582318786
44	4.396	14	2.00803	0.096	471194582318786
45	4.509	15	2.02137	0.113	471194582318786
46	4.632	15	2.04953	0.123	471194582318786
47	4.728	16	2.08375	0.096	471194582318786
48	4.841	16	2.09707	0.113	471194582318786
49	4.945	16	2.11258	0.104	471194582318786
50	5.045	16	2.15267	0.1	471194582318786
51	5.125	17	2.15786	0.08	471194582318786
52	5.245	16	2.15847	0.12	471194582318786
53	5.352	15	2.19297	0.107	471194582318786
54	5.438	15	2.20185	0.086	471194582318786
55	5.507	16	2.19953	0.069	471194582318786
56	5.636	16	2.22205	0.129	471194582318786
57	5.729	16	2.27608	0.093	471194582318786
58	5.823	18	2.30644	0.094	471194582318786
59	5.946	18	2.34139	0.123	471194582318786
60	6.007	17	2.36156	0.061	471194582318786
61	6.08	17	2.37647	0.073	471194582318786
62	6.163	19	2.41525	0.083	471194582318786
63	6.258	20	2.44999	0.095	471194582318786
64	6.351	19	2.46532	0.093	471194582318786
65	6.461	18	2.49148	0.11	471194582318786
66	6.579	18	2.50335	0.118	471194582318786
67	6.685	18	2.56277	0.106	471194582318786
68	6.803	17	2.58345	0.118	471194582318786
69	6.939	18	2.6194	0.136	471194582318786
70	6.987	19	2.61454	0.048	471194582318786
71	7.072	20	2.6086	0.085	471194582318786
72	7.182	17	2.61417	0.11	471194582318786
73	7.308	17	2.64899	0.126	471194582318786
74	7.424	17	2.66425	0.116	471194582318786
75	7.537	17	2.67276	0.113	471194582318786
76	7.612	17	2.68951	0.075	471194582318786
77	7.71	18	2.70424	0.098	471194582318786
78	7.798	18	2.71794	0.088	471194582318786
79	7.893	19	2.74364	0.095	471194582318786
80	8.013	18	2.77342	0.12	471194582318786
81	8.125	18	2.77279	0.112	471194582318786
82	8.214	19	2.80539	0.089	471194582318786
83	8.29	20	2.81103	0.076	471194582318786
84	8.366	20	2.80322	0.076	471194582318786
85	8.491	19	2.85516	0.125	471194582318786
86	8.601	19	2.86353	0.11	471194582318786
87	8.709	19	2.88085	0.108	471194582318786
88	8.804	18	2.91249	0.095	471194582318786
89	8.905	18	2.94703	0.101	471194582318786
90	9.013	19	2.96426	0.108	471194582318786
91	9.071	18	2.99382	0.058	471194582318786
92	9.112	19	2.99624	0.041	471194582318786
93	9.256	19	2.99674	0.144	471194582318786
94	9.336	20	3.03069	0.08	471194582318786
95	9.418	19	3.04356	0.082	471194582318786
96	9.516	20	3.09043	0.098	471194582318786
97	9.574	20	3.07124	0.058	471194582318786
98	9.648	21	3.08255	0.074	471194582318786
99	9.699	21	3.11743	0.051	471194582318786
100	9.767	21	3.11187	0.068	471194582318786
101	9.883	21	3.15029	0.116	471194582318786
102	9.977	21	3.16599	0.094	471194582318786
103	10.053	20	3.13308	0.076	471194582318786
104	10.132	21	3.13011	0.079	471194582318786
105	10.237	21	3.15576	0.105	471194582318786
106	10.343	20	3.16044	0.106	471194582318786
107	10.473	21	3.18438	0.13	471194582318786
108	10.549	22	3.22531	0.076	471194582318786
109	10.66	22	3.26028	0.111	471194582318786
110	10.819	21	3.27296	0.159	471194582318786
111	10.894	21	3.28082	0.075	471194582318786
112	10.988	21	3.30437	0.094	471194582318786
113	11.056	22	3.32383	0.068	471194582318786
114	11.158	22	3.34709	0.102	471194582318786
115	11.223	23	3.38885	0.065	471194582318786
116	11.335	22	3.39069	0.112	471194582318786
117	11.434	22	3.39067	0.099	471194582318786
118	11.51	23	3.41012	0.076	471194582318786
119	11.632	24	3.45696	0.122	471194582318786
120	11.686	24	3.51531	0.054	471194582318786
121	11.725	23	3.52411	0.039	471194582318786
122	11.841	22	3.57767	0.116	471194582318786
123	11.978	22	3.5796	0.137	471194582318786
124	12.07	23	3.59849	0.092	471194582318786
125	12.118	23	3.60445	0.048	471194582318786
126	12.211	23	3.58643	0.093	471194582318786
127	12.243	23	3.63716	0.032	471194582318786
128	12.311	24	3.6067	0.068	471194582318786
129	12.429	24	3.63895	0.118	471194582318786
130	12.586	24	3.67364	0.157	471194582318786
131	12.667	24	3.68715	0.081	471194582318786
132	12.814	24	3.70546	0.147	471194582318786
133	12.922	24	3.69323	0.108	471194582318786
134	12.992	24	3.69539	0.07	471194582318786
135	13.157	24	3.72778	0.165	471194582318786
136	13.257	24	3.75606	0.1	471194582318786
137	13.353	24	3.80991	0.096	471194582318786
138	13.429	26	3.82857	0.076	471194582318786
139	13.579	26	3.82541	0.15	471194582318786
140	13.647	26	3.8414	0.068	471194582318786
141	13.717	26	3.85239	0.07	471194582318786
142	13.813	26	3.84448	0.096	471194582318786
143	13.91	26	3.84173	0.097	471194582318786
144	14.019	27	3.88274	0.109	471194582318786
145	14.067	27	3.85351	0.048	471194582318786
146	14.157	27	3.85452	0.09	471194582318786
147	14.264	27	3.87031	0.107	471194582318786
148	14.325	27	3.90005	0.061	471194582318786
149	14.434	28	3.89688	0.109	471194582318786
150	14.551	26	3.90658	0.117	471194582318786
151	14.65	26	3.94316	0.099	471194582318786
152	14.744	27	3.96251	0.094	471194582318786
153	14.856	27	4.03153	0.112	471194582318786
154	14.948	27	4.01613	0.092	471194582318786
155	15.05	27	4.0595	0.102	471194582318786
156	15.14	28	4.04888	0.09	471194582318786
157	15.229	27	4.06086	0.089	471194582318786
158	15.393	27	4.06024	0.164	471194582318786
159	15.508	28	4.07062	0.115	471194582318786
160	15.563	28	4.10171	0.055	471194582318786
161	15.64	29	4.0926	0.077	471194582318786
162	15.73	29	4.07064	0.09	471194582318786
163	15.798	27	4.09588	0.068	471194582318786
164	15.946	27	4.08474	0.148	471194582318786
165	16.019	27	4.08811	0.073	471194582318786
166	16.089	27	4.11668	0.07	471194582318786
167	16.167	27	4.1322	0.078	471194582318786
168	16.261	27	4.18663	0.094	471194582318786
169	16.327	28	4.19679	0.066	471194582318786
170	16.436	28	4.18759	0.109	471194582318786
171	16.56	27	4.15059	0.124	471194582318786
172	16.657	28	4.16574	0.097	471194582318786
173	16.826	28	4.17573	0.169	471194582318786
174	16.995	29	4.23308	0.169	471194582318786
175	17.166	29	4.24693	0.171	471194582318786
176	17.302	29	4.21103	0.136	471194582318786
177	17.392	29	4.20979	0.09	471194582318786
178	17.427	29	4.19555	0.035	471194582318786
179	17.553	29	4.22388	0.126	471194582318786
180	17.678	29	4.21525	0.125	471194582318786
181	17.814	29	4.27427	0.136	471194582318786
182	17.945	29	4.26837	0.131	471194582318786
183	18.037	30	4.28785	0.092	471194582318786
184	18.161	29	4.30338	0.124	471194582318786
185	18.194	30	4.30655	0.033	471194582318786
186	18.241	30	4.27199	0.047	471194582318786
187	18.341	30	4.28599	0.1	471194582318786
188	18.481	30	4.26798	0.14	471194582318786
189	18.549	29	4.28376	0.068	471194582318786
190	18.678	30	4.27789	0.129	471194582318786
191	18.779	31	4.31012	0.101	471194582318786
192	18.866	31	4.3488	0.087	471194582318786
193	18.954	30	4.33923	0.088	471194582318786
194	19.098	29	4.35056	0.144	471194582318786
195	19.205	30	4.33001	0.107	471194582318786
196	19.318	30	4.33669	0.113	471194582318786
197	19.414	30	4.36962	0.096	471194582318786
198	19.524	30	4.41672	0.11	471194582318786
199	19.623	30	4.43124	0.099	471194582318786
200	19.713	30	4.49585	0.09	471194582318786
201	19.779	29	4.51256	0.066	471194582318786
202	19.875	30	4.5026	0.096	471194582318786
203	19.948	30	4.49047	0.073	471194582318786
204	20.09	31	4.54927	0.142	471194582318786
205	20.18	30	4.50906	0.09	471194582318786
206	20.358	30	4.50653	0.178	471194582318786
207	20.412	31	4.48824	0.054	471194582318786
208	20.582	30	4.56785	0.17	471194582318786
209	20.706	30	4.5488	0.124	471194582318786
210	20.825	30	4.56513	0.119	471194582318786
211	20.97	29	4.62959	0.145	471194582318786
212	21.041	30	4.64804	0.071	471194582318786
213	21.089	30	4.6549	0.048	471194582318786
214	21.22	30	4.62629	0.131	471194582318786
215	21.332	28	4.63689	0.112	471194582318786
216	21.406	29	4.66414	0.074	471194582318786
217	21.561	29	4.68522	0.155	471194582318786
218	21.645	29	4.6436	0.084	471194582318786
219	21.759	30	4.65177	0.114	471194582318786
220	21.808	30	4.63628	0.049	471194582318786
221	21.937	31	4.67087	0.129	471194582318786
222	22.048	31	4.68878	0.111	471194582318786
223	22.142	31	4.65842	0.094	471194582318786
224	22.263	32	4.72142	0.121	471194582318786
225	22.314	31	4.69898	0.051	471194582318786
226	22.412	32	4.66061	0.098	471194582318786
227	22.53	32	4.62656	0.118	471194582318786
228	22.667	32	4.67805	0.137	471194582318786
229	22.766	32	4.71362	0.099	471194582318786
230	22.862	33	4.74541	0.096	471194582318786
231	22.946	33	4.75564	0.084	471194582318786
232	23.021	33	4.75011	0.075	471194582318786
233	23.085	32	4.80435	0.064	471194582318786
234	23.216	32	4.81387	0.131	471194582318786
235	23.296	32	4.8377	0.08	471194582318786
236	23.362	32	4.84654	0.066	471194582318786
237	23.425	33	4.86173	0.063	471194582318786
238	23.539	33	4.87734	0.114	471194582318786
239	23.721	33	4.95582	0.182	471194582318786
240	23.85	33	5.01951	0.129	471194582318786
241	24.001	34	5.01538	0.151	471194582318786
242	24.068	35	5.05474	0.067	471194582318786
243	24.218	34	5.06394	0.15	471194582318786
244	24.311	34	5.1314	0.093	471194582318786
245	24.405	35	5.10862	0.094	471194582318786
246	24.458	35	5.15104	0.053	471194582318786
247	24.578	35	5.21871	0.12	471194582318786
248	24.611	35	5.27245	0.033	471194582318786
249	24.704	35	5.2223	0.093	471194582318786
250	24.796	35	5.24141	0.092	471194582318786
251	24.893	35	5.29637	0.097	471194582318786
252	24.965	35	5.29762	0.072	471194582318786
253	25.035	35	5.31044	0.07	471194582318786
254	25.079	36	5.28987	0.044	471194582318786
255	25.22	36	5.25258	0.141	471194582318786
256	25.331	37	5.26008	0.111	471194582318786
257	25.425	37	5.25456	0.094	471194582318786
258	25.554	36	5.23241	0.129	471194582318786
259	25.641	36	5.2052	0.087	471194582318786
260	25.725	38	5.20417	0.084	471194582318786
261	25.827	37	5.24319	0.102	471194582318786
262	25.917	38	5.31047	0.09	471194582318786
263	26.06	38	5.33314	0.143	471194582318786
264	26.096	38	5.32464	0.036	471194582318786
265	26.166	38	5.32573	0.07	471194582318786
266	26.251	38	5.37131	0.085	471194582318786
267	26.318	37	5.3519	0.067	471194582318786
268	26.459	37	5.36296	0.141	471194582318786
269	26.604	38	5.38379	0.145	471194582318786
270	26.706	38	5.41374	0.102	471194582318786
271	26.744	37	5.44045	0.038	471194582318786
272	26.906	38	5.45639	0.162	471194582318786
273	26.92	37	5.45368	0.014	471194582318786
274	27.023	36	5.44036	0.103	471194582318786
275	27.176	36	5.46489	0.153	471194582318786
276	27.265	37	5.5261	0.089	471194582318786
277	27.349	37	5.50184	0.084	471194582318786
278	27.394	36	5.51042	0.045	471194582318786
279	27.438	36	5.49547	0.044	471194582318786
280	27.568	37	5.56708	0.13	471194582318786
281	27.711	37	5.60593	0.143	471194582318786
282	27.788	37	5.60527	0.077	471194582318786
283	27.866	37	5.60884	0.078	471194582318786
284	27.929	37	5.63799	0.063	471194582318786
285	28.025	37	5.58295	0.096	471194582318786
286	28.162	37	5.59587	0.137	471194582318786
287	28.301	38	5.56016	0.139	471194582318786
288	28.388	38	5.56951	0.087	471194582318786
289	28.537	38	5.58915	0.149	471194582318786
290	28.634	38	5.6671	0.097	471194582318786
291	28.686	38	5.70924	0.052	471194582318786
292	28.783	38	5.76376	0.097	471194582318786
293	28.891	38	5.77132	0.108	471194582318786
294	28.985	39	5.86044	0.094	471194582318786
295	29.058	39	5.91892	0.073	471194582318786
296	29.148	39	5.91879	0.09	471194582318786
297	29.266	39	5.93879	0.118	471194582318786
298	29.396	39	5.9155	0.13	471194582318786
299	29.474	39	5.94713	0.078	471194582318786
300	29.561	39	5.9609	0.087	471194582318786
301	29.63	38	5.9582	0.069	471194582318786
302	29.683	38	5.95126	0.053	471194582318786
303	29.828	38	6.02556	0.145	471194582318786
304	30.011	38	6.0324	0.183	471194582318786
305	30.137	38	6.07439	0.126	471194582318786
306	30.33	38	6.09599	0.193	471194582318786
307	30.398	38	6.09956	0.068	471194582318786
308	30.473	38	6.17035	0.075	471194582318786
309	30.563	38	6.20008	0.09	471194582318786
310	30.616	38	6.1809	0.053	471194582318786
311	30.724	38	6.12257	0.108	471194582318786
312	30.866	38	6.10033	0.142	471194582318786
313	31.061	37	6.20002	0.195	471194582318786
314	31.08	37	6.16698	0.019	471194582318786
315	31.194	37	6.13623	0.114	471194582318786
316	31.243	37	6.10131	0.049	471194582318786
317	31.368	37	6.13601	0.125	471194582318786
318	31.451	37	6.18487	0.083	471194582318786
319	31.515	36	6.13374	0.064	471194582318786
320	31.687	36	6.15175	0.172	471194582318786
321	31.756	36	6.18114	0.069	471194582318786
322	31.85	36	6.14007	0.094	471194582318786
323	31.947	36	6.12015	0.097	471194582318786
324	32.081	36	6.15276	0.134	471194582318786
325	32.226	36	6.148	0.145	471194582318786
326	32.362	36	6.17584	0.136	471194582318786
327	32.409	35	6.15912	0.047	471194582318786
328	32.457	35	6.14989	0.048	471194582318786
329	32.525	35	6.19495	0.068	471194582318786
330	32.624	35	6.20706	0.099	471194582318786
331	32.683	35	6.27714	0.059	471194582318786
332	32.804	35	6.25576	0.121	471194582318786
333	32.846	35	6.23083	0.042	471194582318786
334	32.857	35	6.25592	0.011	471194582318786
335	33.031	35	6.29286	0.174	471194582318786
336	33.114	35	6.33404	0.083	471194582318786
337	33.216	35	6.26541	0.102	471194582318786
338	33.34	35	6.22964	0.124	471194582318786
339	33.421	35	6.2181	0.081	471194582318786
340	33.479	35	6.23382	0.058	471194582318786
341	33.595	35	6.23338	0.116	471194582318786
342	33.715	35	6.20022	0.12	471194582318786
343	33.798	35	6.25054	0.083	471194582318786
344	33.87	35	6.2602	0.072	471194582318786
345	33.978	35	6.23815	0.108	471194582318786
346	34	35	6.25308	0.022	471194582318786
347	34.11	34	6.20612	0.11	471194582318786
348	34.277	34	6.19615	0.167	471194582318786
349	34.389	34	6.25505	0.112	471194582318786
350	34.531	34	6.23763	0.142	471194582318786
351	34.658	34	6.30746	0.127	471194582318786
352	34.73	34	6.26204	0.072	471194582318786
353	34.834	34	6.26917	0.104	471194582318786
354	34.967	34	6.27191	0.133	471194582318786
355	35.117	34	6.25158	0.15	471194582318786
356	35.254	33	6.25048	0.137	471194582318786
357	35.325	33	6.25079	0.071	471194582318786
358	35.443	33	6.25338	0.118	471194582318786
359	35.565	33	6.28353	0.122	471194582318786
360	35.774	33	6.22181	0.209	471194582318786
361	35.856	33	6.22465	0.082	471194582318786
362	35.937	33	6.2	0.081	471194582318786
363	36.059	33	6.21285	0.122	471194582318786
364	36.152	33	6.1987	0.093	471194582318786
365	36.181	33	6.20155	0.029	471194582318786
366	36.359	33	6.20235	0.178	471194582318786
367	36.451	33	6.1948	0.092	471194582318786
368	36.626	33	6.12659	0.175	471194582318786
369	36.767	33	6.1374	0.141	471194582318786
370	36.845	32	6.18296	0.078	471194582318786
371	36.966	32	6.17291	0.121	471194582318786
372	36.992	31	6.15377	0.026	471194582318786
373	37.169	32	6.0984	0.177	471194582318786
374	37.298	31	6.04146	0.129	471194582318786
375	37.404	32	6.03215	0.106	471194582318786
376	37.401	32	6.02422	-0.003	471194582318786
377	37.535	31	6.00656	0.134	471194582318786
378	37.615	30	5.97334	0.08	471194582318786
379	37.71	30	5.99474	0.095	471194582318786
380	37.769	30	6.01678	0.059	471194582318786
381	37.901	30	6.06219	0.132	471194582318786
382	37.963	30	6.07582	0.062	471194582318786
383	38.053	30	6.14672	0.09	471194582318786
384	38.125	30	6.11387	0.072	471194582318786
385	38.228	30	6.1216	0.103	471194582318786
386	38.268	30	6.06211	0.04	471194582318786
387	38.385	30	6.04407	0.117	471194582318786
388	38.492	29	6.00799	0.107	471194582318786
389	38.624	29	6.02442	0.132	471194582318786
390	38.729	29	5.99605	0.105	471194582318786
391	38.773	29	6.01826	0.044	471194582318786
392	38.883	29	6.01692	0.11	471194582318786
393	38.932	29	6.01825	0.049	471194582318786
394	38.993	29	6.0276	0.061	471194582318786
395	39.08	29	6.00521	0.087	471194582318786
396	39.17	29	6.02595	0.09	471194582318786
397	39.302	29	6.02991	0.132	471194582318786
398	39.386	29	6.03523	0.084	471194582318786
399	39.556	28	6.00024	0.17	471194582318786
400	39.721	28	5.99359	0.165	471194582318786
401	39.842	28	5.9757	0.121	471194582318786
402	39.942	28	5.94732	0.1	471194582318786
403	40.044	28	5.94685	0.102	471194582318786
404	40.111	28	5.88266	0.067	471194582318786
405	40.294	28	5.84795	0.183	471194582318786
406	40.342	28	5.85005	0.048	471194582318786
407	40.418	28	5.88194	0.076	471194582318786
408	40.593	28	5.90934	0.175	471194582318786
409	40.675	28	5.90867	0.082	471194582318786
410	40.773	28	5.88706	0.098	471194582318786
411	40.804	28	5.85402	0.031	471194582318786
412	40.896	28	5.82985	0.092	471194582318786
413	41.038	28	5.834	0.142	471194582318786
414	41.116	28	5.84265	0.078	471194582318786
415	41.234	28	5.8534	0.118	471194582318786
416	41.304	28	5.80462	0.07	471194582318786
417	41.413	28	5.8622	0.109	471194582318786
418	41.47	27	5.92344	0.057	471194582318786
419	41.48	27	5.8992	0.01	471194582318786
420	41.522	27	5.89894	0.042	471194582318786
421	41.537	27	5.88707	0.015	471194582318786
422	41.603	27	5.86032	0.066	471194582318786
423	41.709	27	5.87548	0.106	471194582318786
424	41.757	27	5.8479	0.048	471194582318786
425	41.826	27	5.83821	0.069	471194582318786
426	41.922	27	5.79292	0.096	471194582318786
427	42.004	27	5.78057	0.082	471194582318786
428	42.097	27	5.73119	0.093	471194582318786
429	42.189	27	5.74128	0.092	471194582318786
430	42.26	27	5.73519	0.071	471194582318786
431	42.264	26	5.69713	0.004	471194582318786
432	42.402	26	5.72376	0.138	471194582318786
433	42.47	26	5.71595	0.068	471194582318786
434	42.537	26	5.7167	0.067	471194582318786
435	42.617	26	5.72008	0.08	471194582318786
436	42.726	26	5.68128	0.109	471194582318786
437	42.757	26	5.71042	0.031	471194582318786
438	42.833	26	5.72251	0.076	471194582318786
439	42.873	26	5.71217	0.04	471194582318786
440	42.954	26	5.67819	0.081	471194582318786
441	43	26	5.65906	0.046	471194582318786
442	43.077	26	5.64385	0.077	471194582318786
443	43.157	26	5.59503	0.08	471194582318786
444	43.186	26	5.57157	0.029	471194582318786
445	43.253	26	5.50491	0.067	471194582318786
446	43.309	26	5.4749	0.056	471194582318786
447	43.363	26	5.44832	0.054	471194582318786
448	43.447	26	5.39427	0.084	471194582318786
449	43.552	26	5.40382	0.105	471194582318786
450	43.612	26	5.32386	0.06	471194582318786
451	43.655	26	5.31309	0.043	471194582318786
452	43.678	26	5.31614	0.023	471194582318786
453	43.797	26	5.28884	0.119	471194582318786
454	43.857	26	5.29883	0.06	471194582318786
455	43.914	25	5.25972	0.057	471194582318786
456	44.02	25	5.2441	0.106	471194582318786
457	44.107	25	5.24896	0.087	471194582318786
458	44.204	25	5.19494	0.097	471194582318786
459	44.32	25	5.13026	0.116	471194582318786
460	44.354	25	5.10203	0.034	471194582318786
461	44.451	25	5.06711	0.097	471194582318786
462	44.473	24	5.02586	0.022	471194582318786
463	44.532	24	4.97674	0.059	471194582318786
464	44.629	24	4.92193	0.097	471194582318786
465	44.7	24	4.8861	0.071	471194582318786
466	44.748	24	4.92813	0.048	471194582318786
467	44.786	24	4.9043	0.038	471194582318786
468	44.835	24	4.8745	0.049	471194582318786
469	44.873	24	4.86856	0.038	471194582318786
470	44.9	24	4.88395	0.027	471194582318786
471	44.928	24	4.89559	0.028	471194582318786
472	44.945	24	4.84685	0.017	471194582318786
473	44.988	24	4.85426	0.043	471194582318786
474	45.086	24	4.77908	0.098	471194582318786
475	45.159	24	4.79163	0.073	471194582318786
476	45.186	24	4.74736	0.027	471194582318786
477	45.247	24	4.76393	0.061	471194582318786
478	45.323	24	4.73251	0.076	471194582318786
479	45.352	24	4.71541	0.029	471194582318786
480	45.348	24	4.75719	-0.004	471194582318786
481	45.421	24	4.72099	0.073	471194582318786
482	45.527	24	4.67368	0.106	471194582318786
483	45.577	24	4.7101	0.05	471194582318786
484	45.681	24	4.60405	0.104	471194582318786
485	45.725	24	4.62497	0.044	471194582318786
486	45.803	24	4.57889	0.078	471194582318786
487	45.826	24	4.58822	0.023	471194582318786
488	45.854	24	4.56724	0.028	471194582318786
489	45.959	24	4.53049	0.105	471194582318786
490	45.966	24	4.58179	0.007	471194582318786
491	45.99	24	4.53496	0.024	471194582318786
492	45.97	24	4.55303	-0.02	471194582318786
493	46.044	24	4.59446	0.074	471194582318786
494	46.066	24	4.54166	0.022	471194582318786
495	46.127	24	4.48262	0.061	471194582318786
496	46.176	24	4.45388	0.049	471194582318786
497	46.277	23	4.34388	0.101	471194582318786
498	46.353	23	4.30435	0.076	471194582318786
499	46.386	23	4.30987	0.033	471194582318786
500	46.463	23	4.23894	0.077	471194582318786
501	46.543	23	4.20799	0.08	471194582318786
502	46.588	23	4.1258	0.045	471194582318786
503	46.615	23	4.12817	0.027	471194582318786
504	46.63	23	4.1072	0.015	471194582318786
505	46.723	23	4.07508	0.093	471194582318786
506	46.818	23	4.0162	0.095	471194582318786
507	46.875	23	3.95681	0.057	471194582318786
508	46.908	23	3.96907	0.033	471194582318786
509	46.92	23	3.96984	0.012	471194582318786
510	46.936	23	3.92949	0.016	471194582318786
511	46.942	23	3.91288	0.006	471194582318786
512	47.004	23	3.8941	0.062	471194582318786
513	47.035	23	3.8696	0.031	471194582318786
514	47.028	23	3.91691	-0.007	471194582318786
515	47.048	23	3.89033	0.02	471194582318786
516	47.073	23	3.83675	0.025	471194582318786
517	47.104	23	3.82612	0.031	471194582318786
518	47.109	23	3.83186	0.005	471194582318786
519	47.13	23	3.79198	0.021	471194582318786
520	47.176	23	3.70149	0.046	471194582318786
521	47.234	23	3.60128	0.058	471194582318786
522	47.281	23	3.63346	0.047	471194582318786
523	47.325	23	3.62869	0.044	471194582318786
524	47.383	23	3.55166	0.058	471194582318786
525	47.445	23	3.46453	0.062	471194582318786
526	47.483	23	3.43245	0.038	471194582318786
527	47.521	23	3.33535	0.038	471194582318786
528	47.558	23	3.35524	0.037	471194582318786
529	47.583	23	3.34187	0.025	471194582318786
530	47.607	23	3.32183	0.024	471194582318786
531	47.624	23	3.25832	0.017	471194582318786
532	47.641	23	3.23421	0.017	471194582318786
533	47.677	23	3.2718	0.036	471194582318786
534	47.706	23	3.26337	0.029	471194582318786
535	47.709	23	3.2774	0.003	471194582318786
536	47.732	23	3.2271	0.023	471194582318786
537	47.75	23	3.22762	0.018	471194582318786
538	47.816	23	3.09922	0.066	471194582318786
539	47.864	23	3.01604	0.048	471194582318786
540	47.877	23	3.04136	0.013	471194582318786
541	47.916	22	2.98562	0.039	471194582318786
542	47.955	21	2.94295	0.039	471194582318786
543	47.969	21	2.90741	0.014	471194582318786
544	47.981	21	2.92603	0.012	471194582318786
545	47.987	21	2.92435	0.006	471194582318786
546	48.006	21	2.95279	0.019	471194582318786
547	48.026	21	2.9054	0.02	471194582318786
548	48.062	21	2.85239	0.036	471194582318786
549	48.079	21	2.87589	0.017	471194582318786
550	48.085	21	2.8818	0.006	471194582318786
551	48.071	21	2.88824	-0.014	471194582318786
552	48.114	21	2.8557	0.043	471194582318786
553	48.114	21	2.85009	0	471194582318786
554	48.111	21	2.8069	-0.003	471194582318786
555	48.156	21	2.80262	0.045	471194582318786
556	48.176	21	2.77435	0.02	471194582318786
557	48.156	21	2.87135	-0.02	471194582318786
558	48.209	21	2.79541	0.053	471194582318786
559	48.239	21	2.73146	0.03	471194582318786
560	48.262	21	2.67009	0.023	471194582318786
561	48.259	21	2.68178	-0.003	471194582318786
562	48.245	21	2.79034	-0.014	471194582318786
563	48.284	21	2.65374	0.039	471194582318786
564	48.271	21	2.7226	-0.013	471194582318786
565	48.298	21	2.70577	0.027	471194582318786
566	48.306	21	2.67196	0.008	471194582318786
567	48.315	21	2.69514	0.009	471194582318786
568	48.286	21	2.79861	-0.029	471194582318786
569	48.288	21	2.79393	0.002	471194582318786
570	48.319	21	2.65768	0.031	471194582318786
571	48.337	21	2.62191	0.018	471194582318786
572	48.315	20	2.63397	-0.022	471194582318786
573	48.306	20	2.67196	-0.009	471194582318786
574	48.304	20	2.65435	-0.002	471194582318786
575	48.3	20	2.63913	-0.004	471194582318786
576	48.311	20	2.58424	0.011	471194582318786
577	48.312	20	2.63679	0.001	471194582318786
578	48.311	20	2.58791	-0.001	471194582318786
579	48.322	20	2.52454	0.011	471194582318786
580	48.32	20	2.568	-0.002	471194582318786
581	48.338	20	2.4843	0.018	471194582318786
582	48.349	20	2.46905	0.011	471194582318786
583	48.353	20	2.46422	0.004	471194582318786
584	48.385	20	2.37271	0.032	471194582318786
585	48.397	20	2.37516	0.012	471194582318786
586	48.425	20	2.26878	0.028	471194582318786
587	48.439	20	2.23881	0.014	471194582318786
588	48.429	20	2.31969	-0.01	471194582318786
589	48.46	20	2.25819	0.031	471194582318786
590	48.456	19	2.32574	-0.004	471194582318786
591	48.464	19	2.29122	0.008	471194582318786
592	48.487	19	2.27746	0.023	471194582318786
593	48.508	19	2.21019	0.021	471194582318786
594	48.517	19	2.14026	0.009	471194582318786
595	48.521	19	2.17084	0.004	471194582318786
596	48.519	18	2.18235	-0.002	471194582318786
597	48.531	18	2.16172	0.012	471194582318786
598	48.519	17	2.16325	-0.012	471194582318786
599	48.536	17	2.06536	0.017	471194582318786
600	48.56	17	2.06504	0.024	471194582318786
601	48.559	17	2.00562	-0.001	471194582318786
602	48.554	17	2.04281	-0.005	471194582318786
603	48.565	17	1.96539	0.011	471194582318786
604	48.574	17	2.01731	0.009	471194582318786
605	48.598	17	1.92909	0.024	471194582318786
606	48.609	17	1.89898	0.011	471194582318786
607	48.603	17	1.88239	-0.006	471194582318786
608	48.607	17	1.90225	0.004	471194582318786
609	48.632	16	1.85811	0.025	471194582318786
610	48.642	16	1.81407	0.01	471194582318786
611	48.655	16	1.77594	0.013	471194582318786
612	48.668	16	1.75834	0.013	471194582318786
613	48.682	16	1.70525	0.014	471194582318786
614	48.682	15	1.69466	0	471194582318786
615	48.698	14	1.59305	0.016	471194582318786
616	48.702	14	1.63346	0.004	471194582318786
617	48.715	14	1.57727	0.013	471194582318786
618	48.734	14	1.50905	0.019	471194582318786
619	48.737	14	1.51223	0.003	471194582318786
620	48.742	14	1.45239	0.005	471194582318786
621	48.754	14	1.47461	0.012	471194582318786
622	48.766	14	1.49674	0.012	471194582318786
623	48.753	14	1.48391	-0.013	471194582318786
624	48.773	14	1.4302	0.02	471194582318786
625	48.769	14	1.42008	-0.004	471194582318786
626	48.774	14	1.41029	0.005	471194582318786
627	48.772	14	1.41245	-0.002	471194582318786
628	48.785	14	1.34342	0.013	471194582318786
629	48.784	14	1.34214	-0.001	471194582318786
630	48.793	14	1.35468	0.009	471194582318786
631	48.795	14	1.34721	0.002	471194582318786
632	48.798	14	1.37266	0.003	471194582318786
633	48.806	13	1.31163	0.008	471194582318786
634	48.817	13	1.20769	0.011	471194582318786
635	48.817	13	1.30289	0	471194582318786
636	48.828	13	1.24355	0.011	471194582318786
637	48.833	13	1.25144	0.005	471194582318786
638	48.844	13	1.25923	0.011	471194582318786
639	48.86	13	1.18127	0.016	471194582318786
640	48.854	12	1.12725	-0.006	471194582318786
641	48.865	13	1.12596	0.011	471194582318786
642	48.873	13	1.0497	0.008	471194582318786
643	48.872	13	1.13693	-0.001	471194582318786
644	48.872	13	1.15828	0	471194582318786
645	48.871	13	1.07905	-0.001	471194582318786
646	48.877	13	1.09035	0.006	471194582318786
647	48.877	13	1.06154	0	471194582318786
648	48.881	12	1.08942	0.004	471194582318786
649	48.885	12	1.07274	0.004	471194582318786
650	48.879	12	1.0846	-0.006	471194582318786
651	48.884	12	1.11469	0.005	471194582318786
652	48.889	12	1.08429	0.005	471194582318786
653	48.889	12	0.986752	0	471194582318786
654	48.899	11	1.00638	0.01	471194582318786
655	48.899	11	1.0004	0	471194582318786
656	48.9	11	0.976217	0.001	471194582318786
657	48.907	11	0.92377	0.007	471194582318786
658	48.911	11	0.906134	0.004	471194582318786
659	48.912	11	0.901807	0.001	471194582318786
660	48.918	10	0.824182	0.006	471194582318786
661	48.926	9	0.90417	0.008	471194582318786
662	48.935	10	0.801732	0.009	471194582318786
663	48.932	10	0.773548	-0.003	471194582318786
664	48.936	9	0.766097	0.004	471194582318786
665	48.94	9	0.728972	0.004	471194582318786
666	48.945	8	0.771994	0.005	471194582318786
667	48.95	7	0.693181	0.005	471194582318786
668	48.956	7	0.617304	0.006	471194582318786
669	48.956	7	0.626948	0	471194582318786
670	48.954	7	0.599069	-0.002	471194582318786
671	48.957	7	0.584081	0.003	471194582318786
672	48.956	7	0.698616	-0.001	471194582318786
673	48.956	6	0.677543	0	471194582318786
674	48.959	6	0.487154	0.003	471194582318786
675	48.958	6	0.570295	-0.001	471194582318786
676	48.961	6	0.552702	0.003	471194582318786
677	48.959	6	0.598598	-0.002	471194582318786
678	48.967	6	0.522409	0.008	471194582318786
679	48.97	6	0.482804	0.003	471194582318786
680	48.97	6	0.592537	0	471194582318786
681	48.966	6	0.652567	-0.004	471194582318786
682	48.97	6	0.548726	0.004	471194582318786
683	48.973	6	0.54797	0.003	471194582318786
684	48.973	6	0.63267	0	471194582318786
685	48.978	6	0.462078	0.005	471194582318786
686	48.979	6	0.680852	0.001	471194582318786
687	48.981	6	0.634538	0.002	471194582318786
688	48.983	6	0.606392	0.002	471194582318786
689	48.987	6	0.561098	0.004	471194582318786
690	48.987	6	0.541139	0	471194582318786
691	48.989	6	0.464628	0.002	471194582318786
692	48.989	6	0.567344	0	471194582318786
693	48.988	6	0.572587	-0.001	471194582318786
694	48.987	6	0.607315	-0.001	471194582318786
695	48.99	5	0.573498	0.003	471194582318786
696	48.993	5	0.542172	0.003	471194582318786
697	48.994	5	0.379426	0.001	471194582318786
698	48.993	5	0.542172	-0.001	471194582318786
699	48.994	4	0.490881	0.001	471194582318786
700	48.995	5	0.448302	0.001	471194582318786
701	48.996	5	0.384687	0.001	471194582318786
702	48.995	4	0.493938	-0.001	471194582318786
703	48.994	4	0.466866	-0.001	471194582318786
704	48.996	4	0.356348	0.002	471194582318786
705	48.997	3	0.317791	0.001	471194582318786
706	48.997	3	0.330138	0	471194582318786
707	48.997	3	0.42189	0	471194582318786
708	48.997	3	0.378142	0	471194582318786
709	48.997	3	0.452759	0	471194582318786
710	48.998	2	0.35916	0.001	471194582318786
711	48.998	2	0.364686	0	471194582318786
712	48.999	2	0.223605	0.001	471194582318786
713	48.999	2	0.264573	0	471194582318786
714	48.999	2	0.264573	0	471194582318786
715	48.999	2	0.232377	0	471194582318786
716	48.999	2	0.223605	0	471194582318786
717	48.998	2	0.32557	-0.001	471194582318786
718	48.998	2	0.35916	0	471194582318786
719	48.998	2	0.35916	0	471194582318786
720	48.999	2	0.232377	0.001	471194582318786
721	48.998	2	0.35916	-0.001	471194582318786
722	48.998	2	0.380783	0	471194582318786
723	48.999	2	0.223605	0.001	471194582318786
724	48.999	2	0.232377	0	471194582318786
725	48.999	2	0.223605	0	471194582318786
726	48.998	2	0.375494	-0.001	471194582318786
727	48.999	2	0.24083	0.001	471194582318786
728	48.999	2	0.223605	0	471194582318786
729	48.998	2	0.380783	-0.001	471194582318786
730	48.999	2	0.264573	0.001	471194582318786
731	48.999	2	0.277487	0	471194582318786
732	48.999	2	0.298327	0	471194582318786
733	49	1	0	0.001	471194582318786
