-1.8000000000000003
-1.8000000000000003
-1.8000000000000003
-1.8000000000000003
-1.8000000000000003
-1.8000000000000003
-1.8000000000000003
-1.8000000000000003
-1.8000000000000003
-1.8000000000000003
-1.8000000000000003
-1.8000000000000003
-1.8000000000000003
-1.8000000000000003
-1.8000000000000003
-1.8000000000000003
-1.8000000000000003
-1.8000000000000003
-1.8000000000000003
-1.8000000000000003
-1.8000000000000003
-1.8000000000000003
-1.8000000000000003
-1.8000000000000003
-1.8000000000000003
-1.8000000000000003
-1.8000000000000003
-1.8000000000000003
-1.8000000000000003
-1.8000000000000003
-1.8000000000000003
-1.8000000000000003
-1.8000000000000003
-1.8000000000000003
-1.8000000000000003
-1.8000000000000003
-1.8000000000000003
-1.8000000000000003
-1.8000000000000003
-1.8000000000000003
-1.8000000000000003
-1.8000000000000003
-1.8000000000000003
-1.8000000000000003
-1.8000000000000003
-1.8000000000000003
-1.8000000000000003
-1.8000000000000003
-1.8000000000000003
-1.8000000000000003
-1.8000000000000003
-1.8000000000000003
-1.8000000000000003
-1.8000000000000003
-1.8000000000000003
-1.8000000000000003
-1.8000000000000003
-1.8000000000000003
-1.8000000000000003
-1.8000000000000003
-1.8000000000000003
-1.8000000000000003
-1.8000000000000003
-1.8000000000000003
-1.8000000000000003
-1.8000000000000003
-1.8000000000000003
-1.8000000000000003
-1.8000000000000003
-1.8000000000000003
-1.8000000000000003
-1.8000000000000003
-1.8000000000000003
-1.8000000000000003
-1.8000000000000003
-1.8000000000000003
-1.8000000000000003
-1.8000000000000003
-1.8000000000000003
-1.8000000000000003
-1.8000000000000003
-1.8000000000000003
-1.8000000000000003
-1.8000000000000003
-1.8000000000000003
-1.8000000000000003
-1.8000000000000003
-1.8000000000000003
-1.8000000000000003
-1.8000000000000003
-1.8000000000000003
-1.8000000000000003
-1.8000000000000003
-1.8000000000000003
-1.8000000000000003
-1.8000000000000003
-1.8000000000000003
-1.8000000000000003
-1.8000000000000003
-1.8000000000000003
-1.8000000000000003
-31
-2220446049250313e-31
-2220446049250313e-31
-2220446049250313e-31
-2220446049250313e-31
-2220446049250313e-31
-2220446049250313e-31
-2220446049250313e-31
-2220446049250313e-31
-2220446049250313e-31
