Time	Displacement	BinCount	Variance	Velocity	Label
0	0	1	0	0	3767780823707108
1	0.191	6	0.455543	0.191	3767780823707108
2	0.395	7	0.679687	0.204	3767780823707108
3	0.606	7	0.862997	0.211	3767780823707108
4	0.832	8	1.03768	0.226	3767780823707108
5	1.07	9	1.19921	0.238	3767780823707108
6	1.333	10	1.37953	0.263	3767780823707108
7	1.587	11	1.521	0.254	3767780823707108
8	1.885	12	1.69256	0.298	3767780823707108
9	2.183	13	1.86642	0.298	3767780823707108
10	2.459	13	1.99457	0.276	3767780823707108
11	2.772	14	2.17417	0.313	3767780823707108
12	3.119	15	2.36111	0.347	3767780823707108
13	3.49	19	2.56162	0.371	3767780823707108
14	3.879	19	2.7255	0.389	3767780823707108
15	4.3	20	2.91204	0.421	3767780823707108
16	4.7	21	3.06855	0.4	3767780823707108
17	5.128	21	3.19822	0.428	3767780823707108
18	5.493	21	3.36169	0.365	3767780823707108
19	5.931	22	3.53882	0.438	3767780823707108
20	6.391	24	3.69014	0.46	3767780823707108
21	6.864	25	3.86879	0.473	3767780823707108
22	7.317	24	4.00868	0.453	3767780823707108
23	7.808	26	4.17434	0.491	3767780823707108
24	8.327	27	4.33694	0.519	3767780823707108
25	8.772	27	4.47359	0.445	3767780823707108
26	9.398	29	4.63169	0.626	3767780823707108
27	9.879	29	4.82404	0.481	3767780823707108
28	10.492	30	4.97322	0.613	3767780823707108
29	11.017	32	5.09193	0.525	3767780823707108
30	11.589	32	5.2326	0.572	3767780823707108
31	12.071	33	5.37233	0.482	3767780823707108
32	12.647	34	5.47744	0.576	3767780823707108
33	13.18	35	5.56818	0.533	3767780823707108
34	13.751	35	5.70237	0.571	3767780823707108
35	14.316	36	5.82522	0.565	3767780823707108
36	14.887	36	5.95451	0.571	3767780823707108
37	15.404	37	6.06208	0.517	3767780823707108
38	15.97	38	6.18709	0.566	3767780823707108
39	16.563	39	6.33033	0.593	3767780823707108
40	17.133	40	6.48454	0.57	3767780823707108
41	17.676	40	6.58149	0.543	3767780823707108
42	18.244	42	6.68203	0.568	3767780823707108
43	18.855	44	6.72354	0.611	3767780823707108
44	19.401	45	6.79273	0.546	3767780823707108
45	19.97	45	6.86157	0.569	3767780823707108
46	20.629	47	7.00131	0.659	3767780823707108
47	21.252	47	7.06219	0.623	3767780823707108
48	21.871	49	7.05155	0.619	3767780823707108
49	22.626	50	7.1804	0.755	3767780823707108
50	23.218	50	7.25083	0.592	3767780823707108
51	23.83	50	7.29322	0.612	3767780823707108
52	24.404	49	7.37081	0.574	3767780823707108
53	25.045	50	7.42536	0.641	3767780823707108
54	25.721	51	7.50661	0.676	3767780823707108
55	26.257	52	7.64244	0.536	3767780823707108
56	26.968	53	7.6625	0.711	3767780823707108
57	27.591	54	7.73173	0.623	3767780823707108
58	28.332	55	7.83127	0.741	3767780823707108
59	28.921	54	7.91844	0.589	3767780823707108
60	29.639	57	7.95749	0.718	3767780823707108
61	30.359	57	8.01187	0.72	3767780823707108
62	31.04	57	8.15355	0.681	3767780823707108
63	31.753	60	8.29952	0.713	3767780823707108
64	32.38	60	8.38478	0.627	3767780823707108
65	33.065	62	8.3688	0.685	3767780823707108
66	33.834	63	8.52141	0.769	3767780823707108
67	34.559	63	8.56455	0.725	3767780823707108
68	35.217	62	8.59715	0.658	3767780823707108
69	35.97	63	8.70977	0.753	3767780823707108
70	36.64	64	8.7878	0.67	3767780823707108
71	37.406	65	8.86985	0.766	3767780823707108
72	38.16	66	8.91697	0.754	3767780823707108
73	38.925	65	9.04751	0.765	3767780823707108
74	39.627	66	9.09994	0.702	3767780823707108
75	40.411	68	9.20364	0.784	3767780823707108
76	41.012	72	9.21427	0.601	3767780823707108
77	41.673	73	9.31869	0.661	3767780823707108
78	42.386	74	9.32899	0.713	3767780823707108
79	43.11	75	9.52239	0.724	3767780823707108
80	43.861	73	9.57239	0.751	3767780823707108
81	44.559	73	9.63787	0.698	3767780823707108
82	45.273	75	9.74825	0.714	3767780823707108
83	46.016	74	9.84595	0.743	3767780823707108
84	46.648	76	9.95581	0.632	3767780823707108
85	47.352	76	10.104	0.704	3767780823707108
86	48.082	78	10.1844	0.73	3767780823707108
87	48.85	78	10.2368	0.768	3767780823707108
88	49.687	81	10.2707	0.837	3767780823707108
89	50.485	81	10.4778	0.798	3767780823707108
90	51.17	82	10.5587	0.685	3767780823707108
91	51.88	82	10.6217	0.71	3767780823707108
92	52.707	81	10.7007	0.827	3767780823707108
93	53.345	81	10.9015	0.638	3767780823707108
94	53.958	82	11.1359	0.613	3767780823707108
95	54.577	81	11.0826	0.619	3767780823707108
96	55.216	82	11.1852	0.639	3767780823707108
97	56.011	82	11.2943	0.795	3767780823707108
98	56.634	82	11.2639	0.623	3767780823707108
99	57.193	80	11.3032	0.559	3767780823707108
100	57.956	80	11.498	0.763	3767780823707108
101	58.737	80	11.5581	0.781	3767780823707108
102	59.335	79	11.5788	0.598	3767780823707108
103	59.98	79	11.5948	0.645	3767780823707108
104	60.633	77	11.6338	0.653	3767780823707108
105	61.428	78	11.6921	0.795	3767780823707108
106	62.155	77	11.7471	0.727	3767780823707108
107	62.916	76	11.7102	0.761	3767780823707108
108	63.563	76	11.6028	0.647	3767780823707108
109	64.426	74	11.6222	0.863	3767780823707108
110	64.953	74	11.6265	0.527	3767780823707108
111	65.697	73	11.6399	0.744	3767780823707108
112	66.447	71	11.7193	0.75	3767780823707108
113	67.149	70	11.6608	0.702	3767780823707108
114	67.935	68	11.7174	0.786	3767780823707108
115	68.628	67	11.744	0.693	3767780823707108
116	69.429	64	11.7798	0.801	3767780823707108
117	70.168	64	11.7364	0.739	3767780823707108
118	70.865	63	11.7977	0.697	3767780823707108
119	71.688	62	11.7426	0.823	3767780823707108
120	72.327	62	11.6838	0.639	3767780823707108
121	72.973	61	11.5567	0.646	3767780823707108
122	73.617	61	11.5123	0.644	3767780823707108
123	74.386	61	11.5427	0.769	3767780823707108
124	75.166	60	11.4291	0.78	3767780823707108
125	75.814	59	11.2922	0.648	3767780823707108
126	76.603	58	11.2298	0.789	3767780823707108
127	77.357	58	11.1187	0.754	3767780823707108
128	77.894	60	11.0636	0.537	3767780823707108
129	78.745	58	10.9302	0.851	3767780823707108
130	79.482	56	10.8281	0.737	3767780823707108
131	80.076	54	10.761	0.594	3767780823707108
132	80.789	54	10.7055	0.713	3767780823707108
133	81.486	53	10.5087	0.697	3767780823707108
134	82.32	53	10.3517	0.834	3767780823707108
135	82.819	52	10.2936	0.499	3767780823707108
136	83.412	51	10.1773	0.593	3767780823707108
137	83.864	51	10.1146	0.452	3767780823707108
138	84.422	49	9.82288	0.558	3767780823707108
139	84.914	47	9.71744	0.492	3767780823707108
140	85.305	47	9.60687	0.391	3767780823707108
141	85.68	46	9.49245	0.375	3767780823707108
142	86.052	46	9.39022	0.372	3767780823707108
143	86.382	46	9.21195	0.33	3767780823707108
144	86.792	46	9.10866	0.41	3767780823707108
145	87.19	46	8.94851	0.398	3767780823707108
146	87.566	45	8.82721	0.376	3767780823707108
147	87.903	44	8.7528	0.337	3767780823707108
148	88.359	44	8.66176	0.456	3767780823707108
149	88.703	44	8.48391	0.344	3767780823707108
150	89.037	44	8.26914	0.334	3767780823707108
151	89.299	44	8.1516	0.262	3767780823707108
152	89.578	43	8.01174	0.279	3767780823707108
153	89.833	43	7.86893	0.255	3767780823707108
154	90.037	43	7.76071	0.204	3767780823707108
155	90.332	42	7.60814	0.295	3767780823707108
156	90.533	39	7.52183	0.201	3767780823707108
157	90.758	39	7.48508	0.225	3767780823707108
158	90.992	39	7.44593	0.234	3767780823707108
159	91.111	39	7.47326	0.119	3767780823707108
160	91.234	38	7.4117	0.123	3767780823707108
161	91.401	38	7.2716	0.167	3767780823707108
162	91.459	38	7.23432	0.058	3767780823707108
163	91.527	37	7.19842	0.068	3767780823707108
164	91.732	37	7.06669	0.205	3767780823707108
165	91.884	37	6.97421	0.152	3767780823707108
166	92.005	36	6.866	0.121	3767780823707108
167	92.144	36	6.807	0.139	3767780823707108
168	92.35	35	6.6648	0.206	3767780823707108
169	92.563	35	6.52748	0.213	3767780823707108
170	92.79	35	6.38027	0.227	3767780823707108
171	93.071	35	6.18166	0.281	3767780823707108
172	93.302	34	6.03679	0.231	3767780823707108
173	93.465	34	5.92054	0.163	3767780823707108
174	93.605	34	5.8402	0.14	3767780823707108
175	93.775	33	5.64503	0.17	3767780823707108
176	93.934	33	5.52962	0.159	3767780823707108
177	94.107	33	5.3956	0.173	3767780823707108
178	94.323	31	5.27785	0.216	3767780823707108
179	94.566	31	5.15855	0.243	3767780823707108
180	94.726	29	5.00129	0.16	3767780823707108
181	94.87	29	4.90888	0.144	3767780823707108
182	95.063	29	4.85696	0.193	3767780823707108
183	95.275	28	4.66319	0.212	3767780823707108
184	95.423	28	4.63833	0.148	3767780823707108
185	95.612	27	4.46032	0.189	3767780823707108
186	95.746	27	4.3648	0.134	3767780823707108
187	95.877	26	4.25674	0.131	3767780823707108
188	96.058	25	4.0669	0.181	3767780823707108
189	96.181	25	3.88873	0.123	3767780823707108
190	96.305	25	3.89679	0.124	3767780823707108
191	96.445	24	3.63221	0.14	3767780823707108
192	96.565	22	3.53918	0.12	3767780823707108
193	96.682	22	3.41348	0.117	3767780823707108
194	96.799	22	3.26827	0.117	3767780823707108
195	96.947	22	3.21779	0.148	3767780823707108
196	97.082	20	3.0223	0.135	3767780823707108
197	97.184	20	2.91978	0.102	3767780823707108
198	97.265	21	2.87642	0.081	3767780823707108
199	97.336	20	2.79591	0.071	3767780823707108
200	97.415	18	2.63719	0.079	3767780823707108
201	97.482	18	2.5787	0.067	3767780823707108
202	97.587	18	2.44754	0.105	3767780823707108
203	97.679	18	2.36685	0.092	3767780823707108
204	97.757	18	2.31213	0.078	3767780823707108
205	97.815	18	2.28993	0.058	3767780823707108
206	97.879	17	2.17494	0.064	3767780823707108
207	97.934	16	2.06171	0.055	3767780823707108
208	97.991	15	1.96034	0.057	3767780823707108
209	98.039	16	1.94537	0.048	3767780823707108
210	98.076	16	1.98399	0.037	3767780823707108
211	98.119	16	1.95086	0.043	3767780823707108
212	98.148	15	1.96038	0.029	3767780823707108
213	98.19	14	1.81546	0.042	3767780823707108
214	98.226	15	1.82399	0.036	3767780823707108
215	98.257	13	1.74927	0.031	3767780823707108
216	98.297	11	1.53551	0.04	3767780823707108
217	98.331	11	1.55513	0.034	3767780823707108
218	98.365	11	1.51848	0.034	3767780823707108
219	98.387	11	1.5054	0.022	3767780823707108
220	98.417	11	1.38351	0.03	3767780823707108
221	98.446	11	1.48023	0.029	3767780823707108
222	98.472	11	1.39614	0.026	3767780823707108
223	98.508	9	1.20081	0.036	3767780823707108
224	98.53	9	1.28261	0.022	3767780823707108
225	98.551	9	1.39047	0.021	3767780823707108
226	98.582	9	1.18839	0.031	3767780823707108
227	98.596	8	1.32393	0.014	3767780823707108
228	98.622	8	1.14809	0.026	3767780823707108
229	98.639	8	1.12769	0.017	3767780823707108
230	98.659	8	1.16005	0.02	3767780823707108
231	98.682	7	1.06671	0.023	3767780823707108
232	98.691	7	1.00126	0.009	3767780823707108
233	98.711	7	1.01266	0.02	3767780823707108
234	98.726	7	0.917019	0.015	3767780823707108
235	98.745	6	0.883162	0.019	3767780823707108
236	98.759	6	0.975151	0.014	3767780823707108
237	98.772	6	0.982352	0.013	3767780823707108
238	98.786	6	0.929088	0.014	3767780823707108
239	98.8	6	0.772658	0.014	3767780823707108
240	98.809	6	0.824936	0.009	3767780823707108
241	98.82	6	0.852995	0.011	3767780823707108
242	98.832	5	0.804224	0.012	3767780823707108
243	98.84	5	0.912907	0.008	3767780823707108
244	98.849	5	0.777302	0.009	3767780823707108
245	98.857	5	0.717322	0.008	3767780823707108
246	98.863	5	0.804507	0.006	3767780823707108
247	98.868	5	0.74537	0.005	3767780823707108
248	98.872	5	0.82135	0.004	3767780823707108
249	98.88	5	0.838212	0.008	3767780823707108
250	98.886	5	0.687025	0.006	3767780823707108
251	98.891	5	0.707191	0.005	3767780823707108
252	98.896	5	0.689336	0.005	3767780823707108
253	98.899	4	0.642494	0.003	3767780823707108
254	98.901	4	0.717774	0.002	3767780823707108
255	98.905	4	0.72317	0.004	3767780823707108
256	98.909	4	0.711139	0.004	3767780823707108
257	98.913	4	0.703158	0.004	3767780823707108
258	98.917	4	0.571061	0.004	3767780823707108
259	98.92	4	0.628967	0.003	3767780823707108
260	98.921	4	0.747502	0.001	3767780823707108
261	98.923	4	0.704323	0.002	3767780823707108
262	98.927	4	0.697618	0.004	3767780823707108
263	98.928	4	0.672916	0.001	3767780823707108
264	98.931	4	0.571173	0.003	3767780823707108
265	98.931	4	0.735689	0	3767780823707108
266	98.934	4	0.607161	0.003	3767780823707108
267	98.934	4	0.738	0	3767780823707108
268	98.933	4	0.827352	-0.001	3767780823707108
269	98.934	4	0.746756	0.001	3767780823707108
270	98.938	4	0.592584	0.004	3767780823707108
271	98.939	4	0.73026	0.001	3767780823707108
272	98.94	4	0.720694	0.001	3767780823707108
273	98.943	4	0.570746	0.003	3767780823707108
274	98.944	4	0.64565	0.001	3767780823707108
275	98.946	4	0.532056	0.002	3767780823707108
276	98.946	4	0.673115	0	3767780823707108
277	98.949	4	0.511272	0.003	3767780823707108
278	98.95	4	0.559017	0.001	3767780823707108
279	98.95	4	0.749333	0	3767780823707108
280	98.951	4	0.731163	0.001	3767780823707108
281	98.951	4	0.684543	0	3767780823707108
282	98.953	4	0.617083	0.002	3767780823707108
283	98.953	4	0.7381	0	3767780823707108
284	98.954	4	0.529985	0.001	3767780823707108
285	98.956	4	0.321036	0.002	3767780823707108
286	98.956	4	0.547781	0	3767780823707108
287	98.956	4	0.661864	0	3767780823707108
288	98.957	4	0.629405	0.001	3767780823707108
289	98.957	4	0.73563	0	3767780823707108
290	98.96	4	0.450999	0.003	3767780823707108
291	98.959	4	0.601929	-0.001	3767780823707108
292	98.959	4	0.653696	0	3767780823707108
293	98.96	4	0.583438	0.001	3767780823707108
294	98.96	4	0.728972	0	3767780823707108
295	98.962	4	0.59963	0.002	3767780823707108
296	98.963	4	0.592985	0.001	3767780823707108
297	98.963	4	0.713884	0	3767780823707108
298	98.964	4	0.619438	0.001	3767780823707108
299	98.965	4	0.526094	0.001	3767780823707108
300	98.965	4	0.67437	0	3767780823707108
301	98.966	4	0.663207	0.001	3767780823707108
302	98.967	4	0.419417	0.001	3767780823707108
303	98.967	4	0.497907	0	3767780823707108
304	98.967	4	0.548554	0	3767780823707108
305	98.967	4	0.647233	0	3767780823707108
306	98.969	4	0.409926	0.002	3767780823707108
307	98.969	3	0.504023	0	3767780823707108
308	98.969	3	0.534826	0	3767780823707108
309	98.97	3	0.527352	0.001	3767780823707108
310	98.971	3	0.398947	0.001	3767780823707108
311	98.971	3	0.48079	0	3767780823707108
312	98.972	3	0.279671	0.001	3767780823707108
313	98.971	3	0.648968	-0.001	3767780823707108
314	98.972	3	0.658191	0.001	3767780823707108
315	98.974	3	0.418717	0.002	3767780823707108
316	98.974	3	0.448691	0	3767780823707108
317	98.974	3	0.582515	0	3767780823707108
318	98.976	3	0.383958	0.002	3767780823707108
319	98.975	3	0.552607	-0.001	3767780823707108
320	98.976	3	0.338266	0.001	3767780823707108
321	98.975	3	0.630377	-0.001	3767780823707108
322	98.976	3	0.48931	0.001	3767780823707108
323	98.975	3	0.630377	-0.001	3767780823707108
324	98.977	3	0.398084	0.002	3767780823707108
325	98.976	3	0.624038	-0.001	3767780823707108
326	98.976	3	0.575694	0	3767780823707108
327	98.977	3	0.488335	0.001	3767780823707108
328	98.976	3	0.649942	-0.001	3767780823707108
329	98.977	3	0.53242	0.001	3767780823707108
330	98.977	3	0.664433	0	3767780823707108
331	98.978	3	0.602093	0.001	3767780823707108
332	98.979	3	0.572328	0.001	3767780823707108
333	98.979	3	0.621739	0	3767780823707108
334	98.98	3	0.427317	0.001	3767780823707108
335	98.981	3	0.409437	0.001	3767780823707108
336	98.981	3	0.509548	0	3767780823707108
337	98.982	2	0.250352	0.001	3767780823707108
338	98.981	2	0.477115	-0.001	3767780823707108
339	98.981	2	0.582786	0	3767780823707108
340	98.983	2	0.33869	0.002	3767780823707108
341	98.983	2	0.285851	0	3767780823707108
342	98.982	2	0.603884	-0.001	3767780823707108
343	98.984	2	0.326717	0.002	3767780823707108
344	98.984	2	0.383072	0	3767780823707108
345	98.983	2	0.581129	-0.001	3767780823707108
346	98.984	2	0.354604	0.001	3767780823707108
347	98.984	2	0.422781	0	3767780823707108
348	98.984	2	0.41442	0	3767780823707108
349	98.983	2	0.603085	-0.001	3767780823707108
350	98.983	2	0.581129	0	3767780823707108
351	98.984	2	0.354604	0.001	3767780823707108
352	98.984	2	0.354604	0	3767780823707108
353	98.985	2	0.121552	0.001	3767780823707108
354	98.984	2	0.46663	-0.001	3767780823707108
355	98.984	2	0.46663	0	3767780823707108
356	98.985	2	0.292874	0.001	3767780823707108
357	98.984	2	0.545659	-0.001	3767780823707108
358	98.985	2	0.429855	0.001	3767780823707108
359	98.985	2	0.444719	0	3767780823707108
360	98.985	2	0.500774	0	3767780823707108
361	98.985	2	0.493736	0	3767780823707108
362	98.985	2	0.538308	0	3767780823707108
363	98.986	2	0.443626	0.001	3767780823707108
364	98.986	2	0.380531	0	3767780823707108
365	98.985	2	0.601477	-0.001	3767780823707108
366	98.986	2	0.578623	0.001	3767780823707108
367	98.987	2	0.396019	0.001	3767780823707108
368	98.987	2	0.427587	0	3767780823707108
369	98.987	2	0.434547	0	3767780823707108
370	98.987	2	0.434547	0	3767780823707108
371	98.987	2	0.396019	0	3767780823707108
372	98.987	2	0.478363	0	3767780823707108
373	98.988	2	0.238445	0.001	3767780823707108
374	98.987	2	0.484594	-0.001	3767780823707108
375	98.987	2	0.49883	0	3767780823707108
376	98.988	2	0.277229	0.001	3767780823707108
377	98.987	2	0.510716	-0.001	3767780823707108
378	98.987	2	0.517524	0	3767780823707108
379	98.987	2	0.542983	0	3767780823707108
380	98.988	2	0.331445	0.001	3767780823707108
381	98.988	2	0.426446	0	3767780823707108
382	98.988	2	0.483587	0	3767780823707108
383	98.988	2	0.509761	0	3767780823707108
384	98.988	2	0.535589	0	3767780823707108
385	98.988	2	0.462446	0	3767780823707108
386	98.988	2	0.535589	0	3767780823707108
387	98.988	2	0.559335	0	3767780823707108
388	98.989	2	0.425299	0.001	3767780823707108
389	98.989	2	0.432295	0	3767780823707108
390	98.989	2	0.461388	0	3767780823707108
391	98.989	2	0.508802	0	3767780823707108
392	98.989	2	0.558461	0	3767780823707108
393	98.989	2	0.576089	0	3767780823707108
394	98.99	2	0.439204	0.001	3767780823707108
395	98.991	2	0.0944405	0.001	3767780823707108
396	98.99	2	0.447102	-0.001	3767780823707108
397	98.991	2	0.27188	0.001	3767780823707108
398	98.99	2	0.540278	-0.001	3767780823707108
399	98.99	2	0.507839	0	3767780823707108
400	98.991	2	0.326985	0.001	3767780823707108
401	98.991	2	0.27188	0	3767780823707108
402	98.99	2	0.514684	-0.001	3767780823707108
403	98.991	2	0.282699	0.001	3767780823707108
404	98.99	2	0.514684	-0.001	3767780823707108
405	98.99	2	0.495883	0	3767780823707108
406	98.991	2	0.326985	0.001	3767780823707108
407	98.991	2	0.3161	0	3767780823707108
408	98.991	2	0.381993	0	3767780823707108
409	98.99	2	0.557584	-0.001	3767780823707108
410	98.991	2	0.391049	0.001	3767780823707108
411	98.991	2	0.422988	0	3767780823707108
412	98.991	2	0.354851	0	3767780823707108
413	98.99	2	0.557584	-0.001	3767780823707108
414	98.99	2	0.575239	0	3767780823707108
415	98.991	2	0.459259	0.001	3767780823707108
416	98.991	2	0.466818	0	3767780823707108
417	98.991	2	0.506872	0	3767780823707108
418	98.992	2	0.280956	0.001	3767780823707108
419	98.992	2	0.230078	0	3767780823707108
420	98.991	2	0.487769	-0.001	3767780823707108
421	98.992	2	0.270067	0.001	3767780823707108
422	98.991	2	0.51373	-0.001	3767780823707108
423	98.992	2	0.270067	0.001	3767780823707108
424	98.991	2	0.532841	-0.001	3767780823707108
425	98.992	2	0.325478	0.001	3767780823707108
426	98.991	2	0.556704	-0.001	3767780823707108
427	98.992	2	0.372741	0.001	3767780823707108
428	98.992	2	0.372741	0	3767780823707108
429	98.991	2	0.596589	-0.001	3767780823707108
430	98.992	2	0.40489	0.001	3767780823707108
431	98.992	2	0.421825	0	3767780823707108
432	98.992	2	0.436962	0	3767780823707108
433	98.992	2	0.505901	0	3767780823707108
434	98.993	2	0.227928	0.001	3767780823707108
435	98.993	2	0.0833727	0	3767780823707108
436	98.992	2	0.436962	-0.001	3767780823707108
437	98.992	2	0.40489	0	3767780823707108
438	98.992	2	0.4449	0	3767780823707108
439	98.992	2	0.436962	0	3767780823707108
440	98.992	2	0.413444	0	3767780823707108
441	98.993	2	0.0833727	0.001	3767780823707108
442	98.992	2	0.479516	-0.001	3767780823707108
443	98.992	2	0.479516	0	3767780823707108
444	98.992	2	0.4449	0	3767780823707108
445	98.992	2	0.436962	0	3767780823707108
446	98.991	2	0.596589	-0.001	3767780823707108
447	98.992	2	0.421825	0.001	3767780823707108
448	98.992	2	0.353463	0	3767780823707108
449	98.992	2	0.353463	0	3767780823707108
450	98.992	2	0.413444	0	3767780823707108
451	98.992	2	0.465764	0	3767780823707108
452	98.992	2	0.436962	0	3767780823707108
453	98.992	2	0.436962	0	3767780823707108
454	98.992	2	0.421825	0	3767780823707108
455	98.992	2	0.38979	0	3767780823707108
456	98.992	2	0.413444	0	3767780823707108
457	98.992	2	0.343418	0	3767780823707108
458	98.992	2	0.40489	0	3767780823707108
459	98.992	2	0.325478	0	3767780823707108
460	98.992	2	0.372741	0	3767780823707108
461	98.992	2	0.353463	0	3767780823707108
462	98.991	2	0.539369	-0.001	3767780823707108
463	98.991	2	0.556704	0	3767780823707108
464	98.992	2	0.413444	0.001	3767780823707108
465	98.992	2	0.421825	0	3767780823707108
466	98.992	2	0.486761	0	3767780823707108
467	98.993	2	0.279197	0.001	3767780823707108
468	98.992	2	0.512773	-0.001	3767780823707108
469	98.992	2	0.538457	0	3767780823707108
470	98.992	2	0.573529	0	3767780823707108
471	98.993	2	0.435834	0.001	3767780823707108
472	98.992	2	0.595765	-0.001	3767780823707108
473	98.993	2	0.371418	0.001	3767780823707108
474	98.993	2	0.388524	0	3767780823707108
475	98.993	2	0.388524	0	3767780823707108
476	98.993	2	0.412251	0	3767780823707108
477	98.993	2	0.464705	0	3767780823707108
478	98.994	2	0.266391	0.001	3767780823707108
479	98.993	2	0.57267	-0.001	3767780823707108
480	98.995	2	0.0705337	0.002	3767780823707108
481	98.994	2	0.456031	-0.001	3767780823707108
482	98.994	2	0.463642	0	3767780823707108
483	98.994	2	0.491898	0	3767780823707108
484	98.995	2	0.264528	0.001	3767780823707108
485	98.995	2	0.264528	0	3767780823707108
486	98.995	2	0.223551	0	3767780823707108
487	98.995	2	0.223551	0	3767780823707108
488	98.994	2	0.477456	-0.001	3767780823707108
489	98.994	2	0.471131	0	3767780823707108
490	98.995	2	0.320897	0.001	3767780823707108
491	98.994	2	0.571808	-0.001	3767780823707108
492	98.995	2	0.4183	0.001	3767780823707108
493	98.995	2	0.48371	0	3767780823707108
494	98.995	2	0.509877	0	3767780823707108
495	98.995	2	0.502966	0	3767780823707108
496	98.995	2	0.48371	0	3767780823707108
497	98.996	2	0.221323	0.001	3767780823707108
498	98.995	2	0.502966	-0.001	3767780823707108
499	98.996	2	0.262648	0.001	3767780823707108
500	98.995	2	0.48371	-0.001	3767780823707108
501	98.995	2	0.47008	0	3767780823707108
502	98.995	2	0.454945	0	3767780823707108
503	98.995	2	0.409848	0	3767780823707108
504	98.995	2	0.368748	0	3767780823707108
505	98.995	2	0.433561	0	3767780823707108
506	98.995	2	0.476419	0	3767780823707108
507	98.995	2	0.502966	0	3767780823707108
508	98.995	2	0.502966	0	3767780823707108
509	98.995	2	0.502966	0	3767780823707108
510	98.995	2	0.490892	0	3767780823707108
511	98.996	2	0.221323	0.001	3767780823707108
512	98.995	2	0.490892	-0.001	3767780823707108
513	98.995	2	0.509877	0	3767780823707108
514	98.995	2	0.55315	0	3767780823707108
515	98.996	2	0.319349	0.001	3767780823707108
516	98.996	2	0.367402	0	3767780823707108
517	98.996	2	0.367402	0	3767780823707108
518	98.995	2	0.55315	-0.001	3767780823707108
519	98.996	2	0.347828	0.001	3767780823707108
520	98.995	2	0.570942	-0.001	3767780823707108
521	98.996	2	0.347828	0.001	3767780823707108
522	98.996	2	0.408637	0	3767780823707108
523	98.996	2	0.440436	0	3767780823707108
524	98.996	2	0.482684	0	3767780823707108
525	98.996	2	0.482684	0	3767780823707108
526	98.996	2	0.489882	0	3767780823707108
527	98.996	2	0.508905	0	3767780823707108
528	98.996	2	0.469025	0	3767780823707108
529	98.997	2	0.05469	0.001	3767780823707108
530	98.996	2	0.461502	-0.001	3767780823707108
531	98.996	2	0.461502	0	3767780823707108
532	98.997	2	0.05469	0.001	3767780823707108
533	98.996	2	0.453855	-0.001	3767780823707108
534	98.996	2	0.50198	0	3767780823707108
535	98.997	2	0.219068	0.001	3767780823707108
536	98.996	2	0.461502	-0.001	3767780823707108
537	98.996	2	0.417114	0	3767780823707108
538	98.996	2	0.408637	0	3767780823707108
539	98.996	2	0.39998	0	3767780823707108
540	98.996	2	0.440436	0	3767780823707108
541	98.995	2	0.593275	-0.001	3767780823707108
542	98.996	2	0.39998	0.001	3767780823707108
543	98.996	2	0.375478	0	3767780823707108
544	98.997	2	0.05469	0.001	3767780823707108
545	98.996	2	0.482684	-0.001	3767780823707108
546	98.996	2	0.489882	0	3767780823707108
547	98.996	2	0.469025	0	3767780823707108
548	98.996	2	0.489882	0	3767780823707108
549	98.996	2	0.440436	0	3767780823707108
550	98.996	2	0.39998	0	3767780823707108
551	98.996	2	0.408637	0	3767780823707108
552	98.996	2	0.461502	0	3767780823707108
553	98.997	2	0.05469	0.001	3767780823707108
554	98.996	2	0.482684	-0.001	3767780823707108
555	98.997	2	0.219068	0.001	3767780823707108
556	98.997	2	0.219068	0	3767780823707108
557	98.996	2	0.461502	-0.001	3767780823707108
558	98.996	2	0.469025	0	3767780823707108
559	98.996	2	0.489882	0	3767780823707108
560	98.996	2	0.50198	0	3767780823707108
561	98.996	2	0.482684	0	3767780823707108
562	98.996	2	0.469025	0	3767780823707108
563	98.996	2	0.475378	0	3767780823707108
564	98.996	2	0.408637	0	3767780823707108
565	98.996	2	0.424245	0	3767780823707108
566	98.996	2	0.367402	0	3767780823707108
567	98.996	2	0.375478	0	3767780823707108
568	98.996	2	0.424245	0	3767780823707108
569	98.996	2	0.417114	0	3767780823707108
570	98.996	2	0.408637	0	3767780823707108
571	98.996	2	0.453855	0	3767780823707108
572	98.996	2	0.424245	0	3767780823707108
573	98.996	2	0.408637	0	3767780823707108
574	98.996	2	0.417114	0	3767780823707108
575	98.997	2	0.05469	0.001	3767780823707108
576	98.997	2	0.05469	0	3767780823707108
577	98.997	2	0.05469	0	3767780823707108
578	98.996	2	0.475378	-0.001	3767780823707108
579	98.996	2	0.489882	0	3767780823707108
580	98.996	2	0.475378	0	3767780823707108
581	98.996	2	0.50198	0	3767780823707108
582	98.997	2	0.272013	0.001	3767780823707108
583	98.997	2	0.219068	0	3767780823707108
584	98.996	2	0.461502	-0.001	3767780823707108
585	98.996	2	0.461502	0	3767780823707108
586	98.996	2	0.432416	0	3767780823707108
587	98.996	2	0.417114	0	3767780823707108
588	98.996	2	0.408637	0	3767780823707108
589	98.996	2	0.39998	0	3767780823707108
590	98.996	2	0.453855	0	3767780823707108
591	98.996	2	0.461502	0	3767780823707108
592	98.996	2	0.475378	0	3767780823707108
593	98.996	2	0.528189	0	3767780823707108
594	98.997	2	0.317791	0.001	3767780823707108
595	98.997	2	0.336141	0	3767780823707108
596	98.997	2	0.272013	0	3767780823707108
597	98.996	2	0.508905	-0.001	3767780823707108
598	98.997	2	0.260751	0.001	3767780823707108
599	98.997	2	0.272013	0	3767780823707108
600	98.997	2	0.219068	0	3767780823707108
601	98.996	2	0.475378	-0.001	3767780823707108
602	98.997	2	0.219068	0.001	3767780823707108
603	98.996	2	0.482684	-0.001	3767780823707108
604	98.997	2	0.219068	0.001	3767780823707108
605	98.997	2	0.260751	0	3767780823707108
606	98.997	2	0.336141	0	3767780823707108
607	98.996	2	0.570074	-0.001	3767780823707108
608	98.997	2	0.374154	0.001	3767780823707108
609	98.996	2	0.592439	-0.001	3767780823707108
610	98.996	2	0.592439	0	3767780823707108
611	98.997	2	0.40742	0.001	3767780823707108
612	98.996	2	0.592439	-0.001	3767780823707108
613	98.997	2	0.415922	0.001	3767780823707108
614	98.997	2	0.423073	0	3767780823707108
615	98.997	2	0.431267	0	3767780823707108
616	98.998	2	0.0446766	0.001	3767780823707108
617	98.997	2	0.398737	-0.001	3767780823707108
618	98.996	2	0.592439	-0.001	3767780823707108
619	98.997	2	0.383394	0.001	3767780823707108
620	98.997	2	0.366048	0	3767780823707108
621	98.997	2	0.346397	0	3767780823707108
622	98.997	2	0.383394	0	3767780823707108
623	98.997	2	0.374154	0	3767780823707108
624	98.997	2	0.346397	0	3767780823707108
625	98.997	2	0.383394	0	3767780823707108
626	98.997	2	0.40742	0	3767780823707108
627	98.997	2	0.383394	0	3767780823707108
628	98.996	2	0.592439	-0.001	3767780823707108
629	98.997	2	0.383394	0.001	3767780823707108
630	98.997	2	0.40742	0	3767780823707108
631	98.996	2	0.592439	-0.001	3767780823707108
632	98.997	2	0.431267	0.001	3767780823707108
633	98.997	2	0.415922	0	3767780823707108
634	98.998	2	0.0446766	0.001	3767780823707108
635	98.997	2	0.467965	-0.001	3767780823707108
636	98.998	2	0.216786	0.001	3767780823707108
637	98.997	2	0.507928	-0.001	3767780823707108
638	98.997	2	0.50099	0	3767780823707108
639	98.998	2	0.258836	0.001	3767780823707108
640	98.998	2	0.304952	0	3767780823707108
641	98.998	2	0.316221	0	3767780823707108
642	98.998	2	0.304952	0	3767780823707108
643	98.997	2	0.551354	-0.001	3767780823707108
644	98.998	2	0.304952	0.001	3767780823707108
645	98.998	2	0.304952	0	3767780823707108
646	98.998	2	0.316221	0	3767780823707108
647	98.998	2	0.270178	0	3767780823707108
648	98.997	2	0.533845	-0.001	3767780823707108
649	98.998	2	0.304952	0.001	3767780823707108
650	98.998	2	0.316221	0	3767780823707108
651	98.998	2	0.304952	0	3767780823707108
652	98.998	2	0.344958	0	3767780823707108
653	98.998	2	0.372822	0	3767780823707108
654	98.998	2	0.382094	0	3767780823707108
655	98.998	2	0.382094	0	3767780823707108
656	98.998	2	0.364686	0	3767780823707108
657	98.998	2	0.364686	0	3767780823707108
658	98.998	2	0.372822	0	3767780823707108
659	98.997	2	0.5916	-0.001	3767780823707108
660	98.998	2	0.397487	0.001	3767780823707108
661	98.998	2	0.364686	0	3767780823707108
662	98.998	2	0.372822	0	3767780823707108
663	98.998	2	0.382094	0	3767780823707108
664	98.998	2	0.397487	0	3767780823707108
665	98.998	2	0.421896	0	3767780823707108
666	98.998	2	0.421896	0	3767780823707108
667	98.998	2	0.438173	0	3767780823707108
668	98.998	2	0.459343	0	3767780823707108
669	98.998	2	0.459343	0	3767780823707108
670	98.998	2	0.438173	0	3767780823707108
671	98.998	2	0.430112	0	3767780823707108
672	98.998	2	0.421896	0	3767780823707108
673	98.998	2	0.397487	0	3767780823707108
674	98.997	2	0.5916	-0.001	3767780823707108
675	98.998	2	0.364686	0.001	3767780823707108
676	98.997	2	0.569202	-0.001	3767780823707108
677	98.997	2	0.569202	0	3767780823707108
678	98.997	2	0.551354	0	3767780823707108
679	98.997	2	0.569202	0	3767780823707108
680	98.998	2	0.372822	0.001	3767780823707108
681	98.998	2	0.372822	0	3767780823707108
682	98.998	2	0.334658	0	3767780823707108
683	98.998	2	0.372822	0	3767780823707108
684	98.998	2	0.372822	0	3767780823707108
685	98.998	2	0.382094	0	3767780823707108
686	98.998	2	0.397487	0	3767780823707108
687	98.998	2	0.406197	0	3767780823707108
688	98.998	2	0.397487	0	3767780823707108
689	98.998	2	0.382094	0	3767780823707108
690	98.998	2	0.364686	0	3767780823707108
691	98.998	2	0.397487	0	3767780823707108
692	98.998	2	0.406197	0	3767780823707108
693	98.998	2	0.414724	0	3767780823707108
694	98.998	2	0.406197	0	3767780823707108
695	98.998	2	0.414724	0	3767780823707108
696	98.998	2	0.430112	0	3767780823707108
697	98.998	2	0.451659	0	3767780823707108
698	98.999	2	0.031607	0.001	3767780823707108
699	98.998	2	0.459343	-0.001	3767780823707108
700	98.998	2	0.438173	0	3767780823707108
701	98.999	2	0.031607	0.001	3767780823707108
702	98.998	2	0.430112	-0.001	3767780823707108
703	98.998	2	0.451659	0	3767780823707108
704	98.998	2	0.473282	0	3767780823707108
705	98.998	2	0.459343	0	3767780823707108
706	98.998	2	0.4669	0	3767780823707108
707	98.998	2	0.459343	0	3767780823707108
708	98.998	2	0.473282	0	3767780823707108
709	98.998	2	0.48062	0	3767780823707108
710	98.998	2	0.459343	0	3767780823707108
711	98.998	2	0.48062	0	3767780823707108
712	98.998	2	0.48062	0	3767780823707108
713	98.998	2	0.459343	0	3767780823707108
714	98.998	2	0.451659	0	3767780823707108
715	98.998	2	0.459343	0	3767780823707108
716	98.998	2	0.4669	0	3767780823707108
717	98.998	2	0.473282	0	3767780823707108
718	98.998	2	0.48062	0	3767780823707108
719	98.998	2	0.473282	0	3767780823707108
720	98.998	2	0.48062	0	3767780823707108
721	98.998	2	0.499996	0	3767780823707108
722	98.999	2	0.214474	0.001	3767780823707108
723	98.998	2	0.473282	-0.001	3767780823707108
724	98.998	2	0.48062	0	3767780823707108
725	98.998	2	0.487848	0	3767780823707108
726	98.998	2	0.4669	0	3767780823707108
727	98.998	2	0.459343	0	3767780823707108
728	98.998	2	0.459343	0	3767780823707108
729	98.998	2	0.451659	0	3767780823707108
730	98.999	2	0.031607	0.001	3767780823707108
731	98.998	2	0.438173	-0.001	3767780823707108
732	98.998	2	0.430112	0	3767780823707108
733	98.998	2	0.438173	0	3767780823707108
734	98.999	2	0.031607	0.001	3767780823707108
735	98.998	2	0.451659	-0.001	3767780823707108
736	98.998	2	0.430112	0	3767780823707108
737	98.998	2	0.438173	0	3767780823707108
738	98.998	2	0.430112	0	3767780823707108
739	98.998	2	0.438173	0	3767780823707108
740	98.999	2	0.031607	0.001	3767780823707108
741	98.998	2	0.438173	-0.001	3767780823707108
742	98.999	2	0.031607	0.001	3767780823707108
743	98.998	2	0.4669	-0.001	3767780823707108
744	98.998	2	0.473282	0	3767780823707108
745	98.998	2	0.48062	0	3767780823707108
746	98.998	2	0.473282	0	3767780823707108
747	98.998	2	0.4669	0	3767780823707108
748	98.998	2	0.459343	0	3767780823707108
749	98.998	2	0.4669	0	3767780823707108
750	98.998	2	0.473282	0	3767780823707108
751	98.998	2	0.4669	0	3767780823707108
752	98.998	2	0.473282	0	3767780823707108
753	98.999	2	0.214474	0.001	3767780823707108
754	98.999	2	0.214474	0	3767780823707108
755	98.999	2	0.214474	0	3767780823707108
756	98.999	2	0.214474	0	3767780823707108
757	98.998	2	0.48062	-0.001	3767780823707108
758	98.999	2	0.214474	0.001	3767780823707108
759	98.998	2	0.506948	-0.001	3767780823707108
760	98.999	2	0.268326	0.001	3767780823707108
761	98.999	2	0.268326	0	3767780823707108
762	98.998	2	0.532913	-0.001	3767780823707108
763	98.998	2	0.532913	0	3767780823707108
764	98.998	2	0.532913	0	3767780823707108
765	98.998	2	0.532913	0	3767780823707108
766	98.999	2	0.268326	0.001	3767780823707108
767	98.998	2	0.526304	-0.001	3767780823707108
768	98.998	2	0.526304	0	3767780823707108
769	98.998	2	0.526304	0	3767780823707108
770	98.999	2	0.256903	0.001	3767780823707108
771	98.998	2	0.526304	-0.001	3767780823707108
772	98.999	2	0.268326	0.001	3767780823707108
773	98.998	2	0.506948	-0.001	3767780823707108
774	98.999	2	0.256903	0.001	3767780823707108
775	98.998	2	0.499996	-0.001	3767780823707108
776	98.998	2	0.506948	0	3767780823707108
777	98.998	2	0.506948	0	3767780823707108
778	98.998	2	0.499996	0	3767780823707108
779	98.998	2	0.499996	0	3767780823707108
780	98.998	2	0.487848	0	3767780823707108
781	98.998	2	0.487848	0	3767780823707108
782	98.998	2	0.473282	0	3767780823707108
783	98.998	2	0.487848	0	3767780823707108
784	98.999	2	0.214474	0.001	3767780823707108
785	98.999	2	0.214474	0	3767780823707108
786	98.998	2	0.487848	-0.001	3767780823707108
787	98.998	2	0.473282	0	3767780823707108
788	98.998	2	0.4669	0	3767780823707108
789	98.998	2	0.48062	0	3767780823707108
790	98.999	2	0.214474	0.001	3767780823707108
791	98.999	2	0.214474	0	3767780823707108
792	98.998	2	0.48062	-0.001	3767780823707108
793	98.998	2	0.48062	0	3767780823707108
794	98.998	2	0.473282	0	3767780823707108
795	98.998	2	0.459343	0	3767780823707108
796	98.999	2	0.031607	0.001	3767780823707108
797	98.998	2	0.451659	-0.001	3767780823707108
798	98.998	2	0.438173	0	3767780823707108
799	98.999	2	0.031607	0.001	3767780823707108
800	98.998	2	0.451659	-0.001	3767780823707108
801	98.998	2	0.4669	0	3767780823707108
802	98.998	2	0.4669	0	3767780823707108
803	98.998	2	0.4669	0	3767780823707108
804	98.998	2	0.451659	0	3767780823707108
805	98.998	2	0.459343	0	3767780823707108
806	98.999	2	0.031607	0.001	3767780823707108
807	98.998	2	0.459343	-0.001	3767780823707108
808	98.998	2	0.473282	0	3767780823707108
809	98.998	2	0.473282	0	3767780823707108
810	98.998	2	0.4669	0	3767780823707108
811	98.999	2	0.214474	0.001	3767780823707108
812	98.998	2	0.506948	-0.001	3767780823707108
813	98.998	2	0.506948	0	3767780823707108
814	98.999	2	0.268326	0.001	3767780823707108
815	98.999	2	0.268326	0	3767780823707108
816	98.999	2	0.268326	0	3767780823707108
817	98.998	2	0.532913	-0.001	3767780823707108
818	98.999	2	0.303313	0.001	3767780823707108
819	98.999	2	0.303313	0	3767780823707108
820	98.999	2	0.268326	0	3767780823707108
821	98.999	2	0.268326	0	3767780823707108
822	98.998	2	0.506948	-0.001	3767780823707108
823	98.999	2	0.268326	0.001	3767780823707108
824	98.999	2	0.268326	0	3767780823707108
825	98.999	2	0.268326	0	3767780823707108
826	98.999	2	0.268326	0	3767780823707108
827	98.998	2	0.532913	-0.001	3767780823707108
828	98.999	2	0.314641	0.001	3767780823707108
829	98.999	2	0.314641	0	3767780823707108
830	98.998	2	0.550451	-0.001	3767780823707108
831	98.998	2	0.550451	0	3767780823707108
832	98.998	2	0.550451	0	3767780823707108
833	98.998	2	0.550451	0	3767780823707108
834	98.999	2	0.314641	0.001	3767780823707108
835	98.999	2	0.303313	0	3767780823707108
836	98.999	2	0.303313	0	3767780823707108
837	98.998	2	0.550451	-0.001	3767780823707108
838	98.999	2	0.34351	0.001	3767780823707108
839	98.999	2	0.363317	0	3767780823707108
840	98.999	2	0.363317	0	3767780823707108
841	98.998	2	0.568327	-0.001	3767780823707108
842	98.999	2	0.333165	0.001	3767780823707108
843	98.999	2	0.34351	0	3767780823707108
844	98.999	2	0.371482	0	3767780823707108
845	98.999	2	0.371482	0	3767780823707108
846	98.999	2	0.380787	0	3767780823707108
847	98.998	2	0.590759	-0.001	3767780823707108
848	98.999	2	0.380787	0.001	3767780823707108
849	98.999	2	0.380787	0	3767780823707108
850	98.999	2	0.396231	0	3767780823707108
851	98.999	2	0.404968	0	3767780823707108
852	98.999	2	0.396231	0	3767780823707108
853	98.998	2	0.590759	-0.001	3767780823707108
854	98.999	2	0.396231	0.001	3767780823707108
855	98.998	2	0.590759	-0.001	3767780823707108
856	98.999	2	0.396231	0.001	3767780823707108
857	98.998	2	0.590759	-0.001	3767780823707108
858	98.999	2	0.396231	0.001	3767780823707108
859	98.999	2	0.404968	0	3767780823707108
860	98.999	2	0.396231	0	3767780823707108
861	98.998	2	0.590759	-0.001	3767780823707108
862	98.999	2	0.396231	0.001	3767780823707108
863	98.999	2	0.404968	0	3767780823707108
864	98.999	2	0.41352	0	3767780823707108
865	98.999	2	0.404968	0	3767780823707108
866	98.999	2	0.41352	0	3767780823707108
867	98.999	2	0.420712	0	3767780823707108
868	98.999	2	0.428951	0	3767780823707108
869	98.999	2	0.420712	0	3767780823707108
870	98.999	2	0.428951	0	3767780823707108
871	98.999	2	0.437034	0	3767780823707108
872	98.999	2	0.428951	0	3767780823707108
873	98.999	2	0.437034	0	3767780823707108
874	99	1	0	0.001	3767780823707108
