0.1
0.1834167
0.2530834
0.3113499
0.3601648
0.401144
0.4356276
0.464727
0.4893638
0.5103022
0.5281762
0.5435113
0.5567434
0.5682342
0.5782834
0.5871396
0.595009
0.6020628
0.6084426
0.6142661
0.619631
0.6246181
0.6292945
0.6337159
0.6379285
0.6419706
0.645874
0.6496651
0.6533657
0.656994
0.6605651
0.6640915
0.6675835
0.6710499
0.6744977
0.677933
0.6813607
0.6847849
0.6882091
0.691636
0.6950682
0.6985076
0.7019558
0.7054143
0.7088842
0.7123666
0.7158621
0.7193717
0.7228958
0.7264349
0.7299896
0.7335601
0.7371469
0.7407501
0.7443701
0.7480071
0.7516613
0.7553328
0.7590218
0.7627285
0.7664531
0.7701955
0.7739561
0.7777349
0.781532
0.7853475
0.7891816
0.7930342
0.7969057
0.800796
0.8047052
0.8086335
0.8125809
0.8165476
0.8205336
0.8245391
0.8285641
0.8326087
0.8366731
0.8407573
0.8448615
0.8489856
0.8531299
0.8572944
0.8614793
0.8656845
0.8699103
0.8741568
0.8784239
0.8827119
0.8870208
0.8913507
0.8957018
0.9000741
0.9044678
0.9088829
0.9133195
0.9177778
0.9222579
0.9267599
0.9312838
