Time	Displacement	BinCount	Variance	Velocity	Label
0	0	1	0	0	3712388518298864
1	0.189	6	0.449754	0.189	3712388518298864
2	0.395	7	0.670056	0.206	3712388518298864
3	0.618	7	0.864336	0.223	3712388518298864
4	0.85	8	1.03851	0.232	3712388518298864
5	1.085	9	1.20448	0.235	3712388518298864
6	1.342	10	1.38782	0.257	3712388518298864
7	1.617	12	1.54736	0.275	3712388518298864
8	1.924	12	1.7243	0.307	3712388518298864
9	2.219	13	1.86897	0.295	3712388518298864
10	2.511	14	2.02259	0.292	3712388518298864
11	2.847	15	2.1965	0.336	3712388518298864
12	3.162	17	2.37671	0.315	3712388518298864
13	3.524	18	2.54586	0.362	3712388518298864
14	3.904	19	2.72411	0.38	3712388518298864
15	4.271	19	2.86977	0.367	3712388518298864
16	4.658	21	3.04352	0.387	3712388518298864
17	5.048	22	3.19511	0.39	3712388518298864
18	5.561	21	3.36189	0.513	3712388518298864
19	6.001	22	3.5361	0.44	3712388518298864
20	6.451	23	3.67527	0.45	3712388518298864
21	6.87	24	3.82362	0.419	3712388518298864
22	7.317	28	3.96995	0.447	3712388518298864
23	7.724	28	4.10424	0.407	3712388518298864
24	8.185	29	4.23188	0.461	3712388518298864
25	8.652	30	4.35797	0.467	3712388518298864
26	9.115	29	4.46562	0.463	3712388518298864
27	9.651	31	4.62679	0.536	3712388518298864
28	10.175	31	4.75167	0.524	3712388518298864
29	10.677	32	4.89537	0.502	3712388518298864
30	11.17	32	4.97002	0.493	3712388518298864
31	11.679	33	5.063	0.509	3712388518298864
32	12.218	35	5.2202	0.539	3712388518298864
33	12.739	35	5.27559	0.521	3712388518298864
34	13.307	34	5.39451	0.568	3712388518298864
35	13.829	35	5.47446	0.522	3712388518298864
36	14.475	35	5.5936	0.646	3712388518298864
37	15.055	37	5.72302	0.58	3712388518298864
38	15.689	37	5.85366	0.634	3712388518298864
39	16.305	41	5.95256	0.616	3712388518298864
40	16.843	42	6.03443	0.538	3712388518298864
41	17.454	43	6.06802	0.611	3712388518298864
42	18.1	45	6.19427	0.646	3712388518298864
43	18.696	47	6.36299	0.596	3712388518298864
44	19.219	47	6.40445	0.523	3712388518298864
45	19.84	44	6.50511	0.621	3712388518298864
46	20.479	45	6.53839	0.639	3712388518298864
47	21.113	47	6.59767	0.634	3712388518298864
48	21.823	49	6.71451	0.71	3712388518298864
49	22.516	50	6.81357	0.693	3712388518298864
50	23.148	51	6.89261	0.632	3712388518298864
51	23.755	52	7.02872	0.607	3712388518298864
52	24.412	52	7.06543	0.657	3712388518298864
53	24.971	53	7.09212	0.559	3712388518298864
54	25.518	54	7.13699	0.547	3712388518298864
55	26.194	55	7.27677	0.676	3712388518298864
56	26.953	56	7.37616	0.759	3712388518298864
57	27.624	56	7.49744	0.671	3712388518298864
58	28.29	59	7.48611	0.666	3712388518298864
59	28.99	59	7.59302	0.7	3712388518298864
60	29.805	58	7.7344	0.815	3712388518298864
61	30.574	59	7.79131	0.769	3712388518298864
62	31.178	59	7.87276	0.604	3712388518298864
63	31.891	60	7.96003	0.713	3712388518298864
64	32.527	60	7.95615	0.636	3712388518298864
65	33.184	60	8.01468	0.657	3712388518298864
66	33.839	60	8.08078	0.655	3712388518298864
67	34.586	61	8.2514	0.747	3712388518298864
68	35.279	62	8.37223	0.693	3712388518298864
69	35.885	64	8.39701	0.606	3712388518298864
70	36.569	63	8.43115	0.684	3712388518298864
71	37.269	64	8.56666	0.7	3712388518298864
72	37.942	63	8.68479	0.673	3712388518298864
73	38.648	65	8.74226	0.706	3712388518298864
74	39.401	66	8.7606	0.753	3712388518298864
75	40.095	67	8.85082	0.694	3712388518298864
76	40.785	69	9.01564	0.69	3712388518298864
77	41.43	69	9.05324	0.645	3712388518298864
78	42.118	69	9.18325	0.688	3712388518298864
79	42.734	70	9.19789	0.616	3712388518298864
80	43.539	69	9.27704	0.805	3712388518298864
81	44.192	67	9.30801	0.653	3712388518298864
82	44.835	65	9.42347	0.643	3712388518298864
83	45.485	66	9.52784	0.65	3712388518298864
84	46.112	67	9.56716	0.627	3712388518298864
85	46.825	67	9.5897	0.713	3712388518298864
86	47.454	67	9.62678	0.629	3712388518298864
87	48.207	71	9.70959	0.753	3712388518298864
88	48.924	72	9.78944	0.717	3712388518298864
89	49.536	71	9.82867	0.612	3712388518298864
90	50.164	71	9.96324	0.628	3712388518298864
91	50.873	72	10.0114	0.709	3712388518298864
92	51.612	74	10.1196	0.739	3712388518298864
93	52.102	73	10.1015	0.49	3712388518298864
94	52.813	74	10.1444	0.711	3712388518298864
95	53.625	73	10.2101	0.812	3712388518298864
96	54.266	70	10.2276	0.641	3712388518298864
97	54.987	74	10.2994	0.721	3712388518298864
98	55.759	75	10.3306	0.772	3712388518298864
99	56.603	78	10.5342	0.844	3712388518298864
100	57.362	78	10.6694	0.759	3712388518298864
101	58.055	77	10.6397	0.693	3712388518298864
102	58.767	77	10.6933	0.712	3712388518298864
103	59.614	77	10.6685	0.847	3712388518298864
104	60.375	77	10.7143	0.761	3712388518298864
105	61.257	76	10.8216	0.882	3712388518298864
106	62.093	76	10.8256	0.836	3712388518298864
107	62.883	73	10.8811	0.79	3712388518298864
108	63.518	73	10.8515	0.635	3712388518298864
109	64.225	71	10.8707	0.707	3712388518298864
110	65.128	69	10.8355	0.903	3712388518298864
111	65.968	69	10.9893	0.84	3712388518298864
112	66.765	68	10.9746	0.797	3712388518298864
113	67.504	67	10.9666	0.739	3712388518298864
114	68.337	67	11.0935	0.833	3712388518298864
115	69.07	67	11.142	0.733	3712388518298864
116	69.827	67	11.1956	0.757	3712388518298864
117	70.713	66	11.0883	0.886	3712388518298864
118	71.503	65	11.2079	0.79	3712388518298864
119	72.331	65	11.253	0.828	3712388518298864
120	72.988	63	11.172	0.657	3712388518298864
121	73.63	63	11.1304	0.642	3712388518298864
122	74.396	62	11.0764	0.766	3712388518298864
123	75.014	62	11.0638	0.618	3712388518298864
124	75.956	61	10.9773	0.942	3712388518298864
125	76.602	61	10.9359	0.646	3712388518298864
126	77.324	61	10.9093	0.722	3712388518298864
127	78.127	59	10.7646	0.803	3712388518298864
128	78.823	59	10.7252	0.696	3712388518298864
129	79.383	59	10.7375	0.56	3712388518298864
130	80.09	59	10.6643	0.707	3712388518298864
131	80.736	56	10.5249	0.646	3712388518298864
132	81.392	56	10.4908	0.656	3712388518298864
133	82.005	55	10.3852	0.613	3712388518298864
134	82.508	54	10.2694	0.503	3712388518298864
135	83.03	54	10.1366	0.522	3712388518298864
136	83.621	54	10.0772	0.591	3712388518298864
137	84.165	53	9.96187	0.544	3712388518298864
138	84.602	53	9.79396	0.437	3712388518298864
139	85.013	52	9.70422	0.411	3712388518298864
140	85.541	52	9.58386	0.528	3712388518298864
141	85.864	50	9.47821	0.323	3712388518298864
142	86.274	50	9.2972	0.41	3712388518298864
143	86.647	50	9.13868	0.373	3712388518298864
144	87.01	50	8.93403	0.363	3712388518298864
145	87.528	47	8.66835	0.518	3712388518298864
146	87.928	47	8.4878	0.4	3712388518298864
147	88.234	47	8.27504	0.306	3712388518298864
148	88.506	47	8.15205	0.272	3712388518298864
149	88.863	45	7.92914	0.357	3712388518298864
150	89.237	45	7.75286	0.374	3712388518298864
151	89.692	45	7.56004	0.455	3712388518298864
152	90.037	45	7.37575	0.345	3712388518298864
153	90.374	45	7.1891	0.337	3712388518298864
154	90.711	44	6.97585	0.337	3712388518298864
155	91.089	44	6.78646	0.378	3712388518298864
156	91.377	43	6.72896	0.288	3712388518298864
157	91.637	43	6.53202	0.26	3712388518298864
158	91.838	41	6.46141	0.201	3712388518298864
159	92.141	42	6.35564	0.303	3712388518298864
160	92.425	40	6.10495	0.284	3712388518298864
161	92.671	39	6.00556	0.246	3712388518298864
162	92.934	39	5.83881	0.263	3712388518298864
163	93.136	39	5.74339	0.202	3712388518298864
164	93.29	39	5.7113	0.154	3712388518298864
165	93.467	36	5.59088	0.177	3712388518298864
166	93.65	35	5.51956	0.183	3712388518298864
167	93.777	35	5.49357	0.127	3712388518298864
168	93.936	35	5.4358	0.159	3712388518298864
169	94.145	33	5.30773	0.209	3712388518298864
170	94.322	32	5.16336	0.177	3712388518298864
171	94.502	32	5.0312	0.18	3712388518298864
172	94.678	31	5.04176	0.176	3712388518298864
173	94.868	31	4.86493	0.19	3712388518298864
174	95.077	31	4.70267	0.209	3712388518298864
175	95.205	30	4.68817	0.128	3712388518298864
176	95.338	30	4.64572	0.133	3712388518298864
177	95.426	29	4.60549	0.088	3712388518298864
178	95.539	29	4.52089	0.113	3712388518298864
179	95.636	29	4.44145	0.097	3712388518298864
180	95.762	29	4.3349	0.126	3712388518298864
181	95.856	29	4.2422	0.094	3712388518298864
182	95.921	28	4.18184	0.065	3712388518298864
183	96.026	28	4.12799	0.105	3712388518298864
184	96.153	27	4.00557	0.127	3712388518298864
185	96.277	26	3.79015	0.124	3712388518298864
186	96.363	24	3.71096	0.086	3712388518298864
187	96.481	24	3.67813	0.118	3712388518298864
188	96.593	24	3.50818	0.112	3712388518298864
189	96.68	23	3.41081	0.087	3712388518298864
190	96.798	23	3.29108	0.118	3712388518298864
191	96.923	23	3.11963	0.125	3712388518298864
192	97.073	22	2.95443	0.15	3712388518298864
193	97.216	22	2.81431	0.143	3712388518298864
194	97.332	22	2.76293	0.116	3712388518298864
195	97.44	22	2.51782	0.108	3712388518298864
196	97.522	22	2.57478	0.082	3712388518298864
197	97.598	21	2.57049	0.076	3712388518298864
198	97.672	19	2.34423	0.074	3712388518298864
199	97.747	19	2.41267	0.075	3712388518298864
200	97.821	18	2.34285	0.074	3712388518298864
201	97.904	18	2.11442	0.083	3712388518298864
202	97.945	17	2.12555	0.041	3712388518298864
203	98.01	17	2.05521	0.065	3712388518298864
204	98.069	17	1.95378	0.059	3712388518298864
205	98.117	15	1.84426	0.048	3712388518298864
206	98.163	15	1.79456	0.046	3712388518298864
207	98.195	15	1.76294	0.032	3712388518298864
208	98.229	15	1.82991	0.034	3712388518298864
209	98.267	15	1.73831	0.038	3712388518298864
210	98.307	14	1.59805	0.04	3712388518298864
211	98.348	14	1.58962	0.041	3712388518298864
212	98.368	14	1.66751	0.02	3712388518298864
213	98.398	14	1.57436	0.03	3712388518298864
214	98.424	13	1.53988	0.026	3712388518298864
215	98.465	12	1.46826	0.041	3712388518298864
216	98.498	12	1.45052	0.033	3712388518298864
217	98.514	11	1.46827	0.016	3712388518298864
218	98.533	11	1.34273	0.019	3712388518298864
219	98.554	11	1.35797	0.021	3712388518298864
220	98.571	11	1.29111	0.017	3712388518298864
221	98.589	10	1.28494	0.018	3712388518298864
222	98.606	10	1.2817	0.017	3712388518298864
223	98.629	10	1.20763	0.023	3712388518298864
224	98.649	10	0.993378	0.02	3712388518298864
225	98.673	9	1.15459	0.024	3712388518298864
226	98.688	8	1.12945	0.015	3712388518298864
227	98.711	8	0.996232	0.023	3712388518298864
228	98.727	8	1.05474	0.016	3712388518298864
229	98.74	8	0.976934	0.013	3712388518298864
230	98.75	8	1.03175	0.01	3712388518298864
231	98.759	8	0.931622	0.009	3712388518298864
232	98.768	7	0.932296	0.009	3712388518298864
233	98.777	7	1.02872	0.009	3712388518298864
234	98.789	7	0.937272	0.012	3712388518298864
235	98.801	7	0.921086	0.012	3712388518298864
236	98.812	6	0.813422	0.011	3712388518298864
237	98.819	6	0.836803	0.007	3712388518298864
238	98.829	6	0.859511	0.01	3712388518298864
239	98.839	6	0.885482	0.01	3712388518298864
240	98.848	6	0.92946	0.009	3712388518298864
241	98.855	6	0.852628	0.007	3712388518298864
242	98.86	6	0.951525	0.005	3712388518298864
243	98.865	6	0.931544	0.005	3712388518298864
244	98.873	6	0.660962	0.008	3712388518298864
245	98.877	6	0.663981	0.004	3712388518298864
246	98.884	6	0.775593	0.007	3712388518298864
247	98.889	5	0.740053	0.005	3712388518298864
248	98.894	5	0.795465	0.005	3712388518298864
249	98.898	5	0.770452	0.004	3712388518298864
250	98.903	4	0.625772	0.005	3712388518298864
251	98.907	4	0.477861	0.004	3712388518298864
252	98.911	4	0.648906	0.004	3712388518298864
253	98.914	4	0.630558	0.003	3712388518298864
254	98.917	4	0.642737	0.003	3712388518298864
255	98.92	4	0.614492	0.003	3712388518298864
256	98.924	4	0.458502	0.004	3712388518298864
257	98.925	4	0.745905	0.001	3712388518298864
258	98.928	4	0.606478	0.003	3712388518298864
259	98.929	4	0.81851	0.001	3712388518298864
260	98.93	4	0.719097	0.001	3712388518298864
261	98.932	4	0.624	0.002	3712388518298864
262	98.933	4	0.711696	0.001	3712388518298864
263	98.934	4	0.697599	0.001	3712388518298864
264	98.935	4	0.715385	0.001	3712388518298864
265	98.937	4	0.570991	0.002	3712388518298864
266	98.939	4	0.638967	0.002	3712388518298864
267	98.942	4	0.536317	0.003	3712388518298864
268	98.944	4	0.528076	0.002	3712388518298864
269	98.945	4	0.654198	0.001	3712388518298864
270	98.947	4	0.637331	0.002	3712388518298864
271	98.949	4	0.440907	0.002	3712388518298864
272	98.949	4	0.58258	0	3712388518298864
273	98.951	4	0.574107	0.002	3712388518298864
274	98.953	3	0.451432	0.002	3712388518298864
275	98.954	3	0.60571	0.001	3712388518298864
276	98.955	3	0.661041	0.001	3712388518298864
277	98.957	3	0.401436	0.002	3712388518298864
278	98.957	3	0.591736	0	3712388518298864
279	98.958	3	0.590962	0.001	3712388518298864
280	98.96	3	0.505371	0.002	3712388518298864
281	98.961	3	0.582648	0.001	3712388518298864
282	98.962	3	0.680115	0.001	3712388518298864
283	98.963	3	0.602189	0.001	3712388518298864
284	98.964	3	0.526027	0.001	3712388518298864
285	98.964	3	0.658562	0	3712388518298864
286	98.966	3	0.497839	0.002	3712388518298864
287	98.965	3	0.673628	-0.001	3712388518298864
288	98.966	3	0.606501	0.001	3712388518298864
289	98.968	3	0.456044	0.002	3712388518298864
290	98.967	3	0.70065	-0.001	3712388518298864
291	98.969	3	0.563949	0.002	3712388518298864
292	98.97	3	0.488979	0.001	3712388518298864
293	98.969	3	0.699313	-0.001	3712388518298864
294	98.971	3	0.488015	0.002	3712388518298864
295	98.971	3	0.658907	0	3712388518298864
296	98.972	3	0.578978	0.001	3712388518298864
297	98.974	3	0.435114	0.002	3712388518298864
298	98.975	3	0.448748	0.001	3712388518298864
299	98.975	3	0.5817	0	3712388518298864
300	98.975	3	0.575652	0	3712388518298864
301	98.976	3	0.432925	0.001	3712388518298864
302	98.976	3	0.48931	0	3712388518298864
303	98.976	3	0.545366	0	3712388518298864
304	98.977	3	0.445501	0.001	3712388518298864
305	98.978	3	0.324832	0.001	3712388518298864
306	98.978	3	0.352868	0	3712388518298864
307	98.978	3	0.436481	0	3712388518298864
308	98.978	3	0.555442	0	3712388518298864
309	98.979	3	0.451175	0.001	3712388518298864
310	98.979	3	0.451175	0	3712388518298864
311	98.979	3	0.600466	0	3712388518298864
312	98.979	3	0.578411	0	3712388518298864
313	98.979	3	0.560856	0	3712388518298864
314	98.979	3	0.616895	0	3712388518298864
315	98.979	3	0.600466	0	3712388518298864
316	98.979	3	0.589541	0	3712388518298864
317	98.98	3	0.541849	0.001	3712388518298864
318	98.98	3	0.478121	0	3712388518298864
319	98.981	3	0.417898	0.001	3712388518298864
320	98.981	3	0.528809	0	3712388518298864
321	98.982	3	0.376399	0.001	3712388518298864
322	98.981	3	0.570648	-0.001	3712388518298864
323	98.982	3	0.496665	0.001	3712388518298864
324	98.982	3	0.551975	0	3712388518298864
325	98.982	3	0.592179	0	3712388518298864
326	98.983	3	0.438989	0.001	3712388518298864
327	98.984	3	0.315823	0.001	3712388518298864
328	98.983	3	0.568956	-0.001	3712388518298864
329	98.984	3	0.373823	0.001	3712388518298864
330	98.984	3	0.494716	0	3712388518298864
331	98.984	3	0.514533	0	3712388518298864
332	98.984	3	0.596443	0	3712388518298864
333	98.984	3	0.5628	0	3712388518298864
334	98.985	3	0.451414	0.001	3712388518298864
335	98.986	3	0.267963	0.001	3712388518298864
336	98.986	3	0.341766	0	3712388518298864
337	98.986	3	0.395985	0	3712388518298864
338	98.986	3	0.363048	0	3712388518298864
339	98.986	3	0.420481	0	3712388518298864
340	98.986	3	0.363048	0	3712388518298864
341	98.986	3	0.435665	0	3712388518298864
342	98.986	3	0.450338	0	3712388518298864
343	98.986	3	0.485597	0	3712388518298864
344	98.987	3	0.311177	0.001	3712388518298864
345	98.986	3	0.588901	-0.001	3712388518298864
346	98.987	3	0.34034	0.001	3712388518298864
347	98.987	3	0.37793	0	3712388518298864
348	98.986	3	0.594814	-0.001	3712388518298864
349	98.987	3	0.434547	0.001	3712388518298864
350	98.987	3	0.455885	0	3712388518298864
351	98.987	3	0.434547	0	3712388518298864
352	98.987	3	0.517524	0	3712388518298864
353	98.987	3	0.553923	0	3712388518298864
354	98.987	3	0.510716	0	3712388518298864
355	98.987	3	0.547568	0	3712388518298864
356	98.988	2	0.426446	0.001	3712388518298864
357	98.988	2	0.490771	0	3712388518298864
358	98.989	2	0.236387	0.001	3712388518298864
359	98.989	2	0.286145	0	3712388518298864
360	98.988	2	0.535589	-0.001	3712388518298864
361	98.99	2	0.0994987	0.002	3712388518298864
362	98.989	2	0.515635	-0.001	3712388518298864
363	98.99	2	0.328481	0.001	3712388518298864
364	98.99	2	0.35623	0	3712388518298864
365	98.99	2	0.415812	0	3712388518298864
366	98.99	2	0.375366	0	3712388518298864
367	98.99	2	0.415812	0	3712388518298864
368	98.989	2	0.59823	-0.001	3712388518298864
369	98.99	2	0.431161	0.001	3712388518298864
370	98.99	2	0.460326	0	3712388518298864
371	98.99	2	0.507839	0	3712388518298864
372	98.991	2	0.232205	0.001	3712388518298864
373	98.991	2	0.3161	0	3712388518298864
374	98.99	2	0.495883	-0.001	3712388518298864
375	98.99	2	0.460326	0	3712388518298864
376	98.99	2	0.48156	0	3712388518298864
377	98.991	2	0.0944405	0.001	3712388518298864
378	98.99	2	0.424146	-0.001	3712388518298864
379	98.99	2	0.495883	0	3712388518298864
380	98.99	2	0.514684	0	3712388518298864
381	98.991	2	0.282699	0.001	3712388518298864
382	98.99	2	0.557584	-0.001	3712388518298864
383	98.99	2	0.575239	0	3712388518298864
384	98.991	2	0.391049	0.001	3712388518298864
385	98.991	2	0.539369	0	3712388518298864
386	98.992	2	0.270067	0.001	3712388518298864
387	98.991	2	0.539369	-0.001	3712388518298864
388	98.991	2	0.574386	0	3712388518298864
389	98.991	2	0.596589	0	3712388518298864
390	98.992	2	0.428878	0.001	3712388518298864
391	98.992	2	0.372741	0	3712388518298864
392	98.991	2	0.532841	-0.001	3712388518298864
393	98.992	2	0.380705	0.001	3712388518298864
394	98.992	2	0.458188	0	3712388518298864
395	98.993	2	0.312971	0.001	3712388518298864
396	98.993	2	0.371418	0	3712388518298864
397	98.993	2	0.371418	0	3712388518298864
398	98.993	2	0.352067	0	3712388518298864
399	98.993	2	0.443792	0	3712388518298864
400	98.993	2	0.427728	0	3712388518298864
401	98.993	2	0.443792	0	3712388518298864
402	98.993	2	0.457112	0	3712388518298864
403	98.993	2	0.412251	0	3712388518298864
404	98.993	2	0.388524	0	3712388518298864
405	98.993	2	0.403672	0	3712388518298864
406	98.993	2	0.435834	0	3712388518298864
407	98.993	2	0.457112	0	3712388518298864
408	98.994	2	0.225752	0.001	3712388518298864
409	98.994	2	0.340535	0	3712388518298864
410	98.994	2	0.350662	0	3712388518298864
411	98.994	2	0.442678	0	3712388518298864
412	98.994	2	0.426572	0	3712388518298864
413	98.994	2	0.456031	0	3712388518298864
414	98.994	2	0.484731	0	3712388518298864
415	98.995	2	0.264528	0.001	3712388518298864
416	98.995	2	0.275636	0	3712388518298864
417	98.994	2	0.536623	-0.001	3712388518298864
418	98.994	2	0.510846	0	3712388518298864
419	98.995	2	0.33908	0.001	3712388518298864
420	98.995	2	0.320897	0	3712388518298864
421	98.994	2	0.536623	-0.001	3712388518298864
422	98.994	2	0.554043	0	3712388518298864
423	98.995	2	0.33908	0.001	3712388518298864
424	98.995	2	0.223551	0	3712388518298864
425	98.995	2	0.0705337	0	3712388518298864
426	98.994	2	0.4347	-0.001	3712388518298864
427	98.994	2	0.456031	0	3712388518298864
428	98.995	2	0.223551	0.001	3712388518298864
429	98.995	2	0.0705337	0	3712388518298864
430	98.994	2	0.442678	-0.001	3712388518298864
431	98.994	2	0.402448	0	3712388518298864
432	98.994	2	0.370086	0	3712388518298864
433	98.994	2	0.31139	0	3712388518298864
434	98.994	2	0.31139	0	3712388518298864
435	98.993	2	0.485748	-0.001	3712388518298864
436	98.994	2	0.266391	0.001	3712388518298864
437	98.994	2	0.340535	0	3712388518298864
438	98.994	2	0.378106	0	3712388518298864
439	98.994	2	0.411052	0	3712388518298864
440	98.994	2	0.456031	0	3712388518298864
441	98.994	2	0.491898	0	3712388518298864
442	98.994	2	0.503948	0	3712388518298864
443	98.994	2	0.510846	0	3712388518298864
444	98.994	2	0.536623	0	3712388518298864
445	98.994	2	0.53006	0	3712388518298864
446	98.994	2	0.491898	0	3712388518298864
447	98.994	2	0.456031	0	3712388518298864
448	98.994	2	0.456031	0	3712388518298864
449	98.994	2	0.484731	0	3712388518298864
450	98.995	2	0.264528	0.001	3712388518298864
451	98.995	2	0.309798	0	3712388518298864
452	98.995	2	0.349249	0	3712388518298864
453	98.995	2	0.349249	0	3712388518298864
454	98.995	2	0.368748	0	3712388518298864
455	98.995	2	0.385973	0	3712388518298864
456	98.995	2	0.376796	0	3712388518298864
457	98.995	2	0.401217	0	3712388518298864
458	98.995	2	0.425412	0	3712388518298864
459	98.995	2	0.409848	0	3712388518298864
460	98.996	2	0.221323	0.001	3712388518298864
461	98.995	2	0.529127	-0.001	3712388518298864
462	98.995	2	0.47008	0	3712388518298864
463	98.995	2	0.48371	0	3712388518298864
464	98.996	2	0.262648	0.001	3712388518298864
465	98.995	2	0.48371	-0.001	3712388518298864
466	98.996	2	0.273832	0.001	3712388518298864
467	98.995	2	0.490892	-0.001	3712388518298864
468	98.995	2	0.502966	0	3712388518298864
469	98.996	2	0.262648	0.001	3712388518298864
470	98.996	2	0.273832	0	3712388518298864
471	98.996	2	0.319349	0	3712388518298864
472	98.995	2	0.462574	-0.001	3712388518298864
473	98.995	2	0.48371	0	3712388518298864
474	98.995	2	0.502966	0	3712388518298864
475	98.996	2	0.337615	0.001	3712388518298864
476	98.996	2	0.337615	0	3712388518298864
477	98.996	2	0.308195	0	3712388518298864
478	98.996	2	0.308195	0	3712388518298864
479	98.995	2	0.570942	-0.001	3712388518298864
480	98.996	2	0.375478	0.001	3712388518298864
481	98.996	2	0.375478	0	3712388518298864
482	98.995	2	0.593275	-0.001	3712388518298864
483	98.996	2	0.39998	0.001	3712388518298864
484	98.996	2	0.408637	0	3712388518298864
485	98.996	2	0.417114	0	3712388518298864
486	98.995	2	0.570942	-0.001	3712388518298864
487	98.996	2	0.424245	0.001	3712388518298864
488	98.996	2	0.469025	0	3712388518298864
489	98.997	2	0.219068	0.001	3712388518298864
490	98.997	2	0.260751	0	3712388518298864
491	98.997	2	0.30658	0	3712388518298864
492	98.997	2	0.366048	0	3712388518298864
493	98.997	2	0.336141	0	3712388518298864
494	98.997	2	0.366048	0	3712388518298864
495	98.997	2	0.30658	0	3712388518298864
496	98.996	2	0.528189	-0.001	3712388518298864
497	98.996	2	0.489882	0	3712388518298864
498	98.996	2	0.489882	0	3712388518298864
499	98.996	2	0.469025	0	3712388518298864
500	98.996	2	0.469025	0	3712388518298864
501	98.997	2	0.05469	0.001	3712388518298864
502	98.996	2	0.432416	-0.001	3712388518298864
503	98.996	2	0.39998	0	3712388518298864
504	98.996	2	0.424245	0	3712388518298864
505	98.996	2	0.384687	0	3712388518298864
506	98.996	2	0.384687	0	3712388518298864
507	98.996	2	0.39998	0	3712388518298864
508	98.996	2	0.367402	0	3712388518298864
509	98.996	2	0.39998	0	3712388518298864
510	98.996	2	0.384687	0	3712388518298864
511	98.996	2	0.367402	0	3712388518298864
512	98.996	2	0.424245	0	3712388518298864
513	98.996	2	0.432416	0	3712388518298864
514	98.996	2	0.440436	0	3712388518298864
515	98.996	2	0.508905	0	3712388518298864
516	98.997	2	0.30658	0.001	3712388518298864
517	98.997	2	0.317791	0	3712388518298864
518	98.996	2	0.570074	-0.001	3712388518298864
519	98.996	2	0.592439	0	3712388518298864
520	98.997	2	0.423073	0.001	3712388518298864
521	98.997	2	0.423073	0	3712388518298864
522	98.998	2	0.0446766	0.001	3712388518298864
523	98.997	2	0.460425	-0.001	3712388518298864
524	98.997	2	0.423073	0	3712388518298864
525	98.997	2	0.40742	0	3712388518298864
526	98.997	2	0.398737	0	3712388518298864
527	98.997	2	0.423073	0	3712388518298864
528	98.997	2	0.423073	0	3712388518298864
529	98.997	2	0.439307	0	3712388518298864
530	98.997	2	0.460425	0	3712388518298864
531	98.997	2	0.474332	0	3712388518298864
532	98.997	2	0.507928	0	3712388518298864
533	98.998	2	0.258836	0.001	3712388518298864
534	98.997	2	0.488867	-0.001	3712388518298864
535	98.997	2	0.460425	0	3712388518298864
536	98.997	2	0.439307	0	3712388518298864
537	98.997	2	0.431267	0	3712388518298864
538	98.997	2	0.40742	0	3712388518298864
539	98.997	2	0.383394	0	3712388518298864
540	98.996	2	0.592439	-0.001	3712388518298864
541	98.997	2	0.366048	0.001	3712388518298864
542	98.996	2	0.592439	-0.001	3712388518298864
543	98.997	2	0.415922	0.001	3712388518298864
544	98.998	2	0.0446766	0.001	3712388518298864
545	98.997	2	0.439307	-0.001	3712388518298864
546	98.997	2	0.460425	0	3712388518298864
547	98.997	2	0.452759	0	3712388518298864
548	98.997	2	0.460425	0	3712388518298864
549	98.997	2	0.431267	0	3712388518298864
550	98.997	2	0.452759	0	3712388518298864
551	98.997	2	0.467965	0	3712388518298864
552	98.997	2	0.481654	0	3712388518298864
553	98.997	2	0.467965	0	3712388518298864
554	98.997	2	0.474332	0	3712388518298864
555	98.997	2	0.481654	0	3712388518298864
556	98.997	2	0.460425	0	3712388518298864
557	98.997	2	0.452759	0	3712388518298864
558	98.997	2	0.481654	0	3712388518298864
559	98.998	2	0.0446766	0.001	3712388518298864
560	98.997	2	0.460425	-0.001	3712388518298864
561	98.997	2	0.474332	0	3712388518298864
562	98.997	2	0.423073	0	3712388518298864
563	98.997	2	0.431267	0	3712388518298864
564	98.997	2	0.398737	0	3712388518298864
565	98.996	2	0.570074	-0.001	3712388518298864
566	98.997	2	0.336141	0.001	3712388518298864
567	98.997	2	0.336141	0	3712388518298864
568	98.996	2	0.570074	-0.001	3712388518298864
569	98.997	2	0.366048	0.001	3712388518298864
570	98.997	2	0.374154	0	3712388518298864
571	98.997	2	0.40742	0	3712388518298864
572	98.997	2	0.431267	0	3712388518298864
573	98.997	2	0.415922	0	3712388518298864
574	98.997	2	0.374154	0	3712388518298864
575	98.997	2	0.374154	0	3712388518298864
576	98.997	2	0.398737	0	3712388518298864
577	98.997	2	0.415922	0	3712388518298864
578	98.998	2	0.0446766	0.001	3712388518298864
579	98.997	2	0.439307	-0.001	3712388518298864
580	98.997	2	0.415922	0	3712388518298864
581	98.998	2	0.0446766	0.001	3712388518298864
582	98.997	2	0.423073	-0.001	3712388518298864
583	98.997	2	0.452759	0	3712388518298864
584	98.997	2	0.460425	0	3712388518298864
585	98.997	2	0.481654	0	3712388518298864
586	98.997	2	0.488867	0	3712388518298864
587	98.997	2	0.452759	0	3712388518298864
588	98.998	2	0.0446766	0.001	3712388518298864
589	98.997	2	0.423073	-0.001	3712388518298864
590	98.998	2	0.0446766	0.001	3712388518298864
591	98.998	2	0.0446766	0	3712388518298864
592	98.997	2	0.467965	-0.001	3712388518298864
593	98.997	2	0.452759	0	3712388518298864
594	98.997	2	0.467965	0	3712388518298864
595	98.997	2	0.423073	0	3712388518298864
596	98.997	2	0.439307	0	3712388518298864
597	98.997	2	0.398737	0	3712388518298864
598	98.997	2	0.383394	0	3712388518298864
599	98.997	2	0.398737	0	3712388518298864
600	98.997	2	0.398737	0	3712388518298864
601	98.997	2	0.452759	0	3712388518298864
602	98.997	2	0.452759	0	3712388518298864
603	98.997	2	0.439307	0	3712388518298864
604	98.997	2	0.467965	0	3712388518298864
605	98.998	2	0.216786	0.001	3712388518298864
606	98.998	2	0.216786	0	3712388518298864
607	98.998	2	0.258836	0	3712388518298864
608	98.998	2	0.216786	0	3712388518298864
609	98.997	2	0.474332	-0.001	3712388518298864
610	98.998	2	0.216786	0.001	3712388518298864
611	98.998	2	0.258836	0	3712388518298864
612	98.997	2	0.481654	-0.001	3712388518298864
613	98.997	2	0.431267	0	3712388518298864
614	98.997	2	0.423073	0	3712388518298864
615	98.997	2	0.460425	0	3712388518298864
616	98.997	2	0.423073	0	3712388518298864
617	98.998	2	0.0446766	0.001	3712388518298864
618	98.997	2	0.415922	-0.001	3712388518298864
619	98.997	2	0.40742	0	3712388518298864
620	98.997	2	0.415922	0	3712388518298864
621	98.997	2	0.398737	0	3712388518298864
622	98.996	2	0.592439	-0.001	3712388518298864
623	98.997	2	0.383394	0.001	3712388518298864
624	98.997	2	0.383394	0	3712388518298864
625	98.997	2	0.374154	0	3712388518298864
626	98.997	2	0.431267	0	3712388518298864
627	98.997	2	0.452759	0	3712388518298864
628	98.997	2	0.439307	0	3712388518298864
629	98.997	2	0.439307	0	3712388518298864
630	98.997	2	0.439307	0	3712388518298864
631	98.997	2	0.423073	0	3712388518298864
632	98.996	2	0.592439	-0.001	3712388518298864
633	98.996	2	0.570074	0	3712388518298864
634	98.997	2	0.366048	0.001	3712388518298864
635	98.996	2	0.570074	-0.001	3712388518298864
636	98.997	2	0.366048	0.001	3712388518298864
637	98.997	2	0.374154	0	3712388518298864
638	98.997	2	0.366048	0	3712388518298864
639	98.996	2	0.570074	-0.001	3712388518298864
640	98.997	2	0.30658	0.001	3712388518298864
641	98.997	2	0.272013	0	3712388518298864
642	98.996	2	0.534775	-0.001	3712388518298864
643	98.997	2	0.317791	0.001	3712388518298864
644	98.996	2	0.552254	-0.001	3712388518298864
645	98.997	2	0.317791	0.001	3712388518298864
646	98.997	2	0.346397	0	3712388518298864
647	98.997	2	0.415922	0	3712388518298864
648	98.997	2	0.398737	0	3712388518298864
649	98.997	2	0.439307	0	3712388518298864
650	98.997	2	0.452759	0	3712388518298864
651	98.997	2	0.415922	0	3712388518298864
652	98.997	2	0.423073	0	3712388518298864
653	98.997	2	0.439307	0	3712388518298864
654	98.997	2	0.452759	0	3712388518298864
655	98.998	2	0.0446766	0.001	3712388518298864
656	98.997	2	0.431267	-0.001	3712388518298864
657	98.997	2	0.431267	0	3712388518298864
658	98.997	2	0.474332	0	3712388518298864
659	98.997	2	0.488867	0	3712388518298864
660	98.998	2	0.216786	0.001	3712388518298864
661	98.997	2	0.460425	-0.001	3712388518298864
662	98.997	2	0.474332	0	3712388518298864
663	98.997	2	0.50099	0	3712388518298864
664	98.997	2	0.527249	0	3712388518298864
665	98.997	2	0.527249	0	3712388518298864
666	98.998	2	0.334658	0.001	3712388518298864
667	98.997	2	0.551354	-0.001	3712388518298864
668	98.998	2	0.316221	0.001	3712388518298864
669	98.997	2	0.527249	-0.001	3712388518298864
670	98.997	2	0.507928	0	3712388518298864
671	98.997	2	0.507928	0	3712388518298864
672	98.997	2	0.50099	0	3712388518298864
673	98.998	2	0.270178	0.001	3712388518298864
674	98.997	2	0.533845	-0.001	3712388518298864
675	98.997	2	0.527249	0	3712388518298864
676	98.997	2	0.507928	0	3712388518298864
677	98.997	2	0.527249	0	3712388518298864
678	98.998	2	0.316221	0.001	3712388518298864
679	98.998	2	0.334658	0	3712388518298864
680	98.998	2	0.334658	0	3712388518298864
681	98.998	2	0.334658	0	3712388518298864
682	98.997	2	0.569202	-0.001	3712388518298864
683	98.997	2	0.569202	0	3712388518298864
684	98.998	2	0.372822	0.001	3712388518298864
685	98.998	2	0.372822	0	3712388518298864
686	98.998	2	0.372822	0	3712388518298864
687	98.997	2	0.5916	-0.001	3712388518298864
688	98.998	2	0.372822	0.001	3712388518298864
689	98.998	2	0.372822	0	3712388518298864
690	98.997	2	0.551354	-0.001	3712388518298864
691	98.998	2	0.304952	0.001	3712388518298864
692	98.998	2	0.316221	0	3712388518298864
693	98.998	2	0.270178	0	3712388518298864
694	98.997	2	0.507928	-0.001	3712388518298864
695	98.998	2	0.316221	0.001	3712388518298864
696	98.998	2	0.334658	0	3712388518298864
697	98.998	2	0.344958	0	3712388518298864
698	98.998	2	0.372822	0	3712388518298864
699	98.998	2	0.382094	0	3712388518298864
700	98.998	2	0.382094	0	3712388518298864
701	98.998	2	0.364686	0	3712388518298864
702	98.998	2	0.344958	0	3712388518298864
703	98.998	2	0.334658	0	3712388518298864
704	98.997	2	0.569202	-0.001	3712388518298864
705	98.997	2	0.569202	0	3712388518298864
706	98.998	2	0.334658	0.001	3712388518298864
707	98.998	2	0.316221	0	3712388518298864
708	98.998	2	0.316221	0	3712388518298864
709	98.998	2	0.316221	0	3712388518298864
710	98.998	2	0.334658	0	3712388518298864
711	98.997	2	0.533845	-0.001	3712388518298864
712	98.998	2	0.344958	0.001	3712388518298864
713	98.998	2	0.372822	0	3712388518298864
714	98.998	2	0.382094	0	3712388518298864
715	98.998	2	0.414724	0	3712388518298864
716	98.998	2	0.397487	0	3712388518298864
717	98.998	2	0.414724	0	3712388518298864
718	98.998	2	0.430112	0	3712388518298864
719	98.998	2	0.430112	0	3712388518298864
720	98.998	2	0.430112	0	3712388518298864
721	98.999	2	0.031607	0.001	3712388518298864
722	98.998	2	0.4669	-0.001	3712388518298864
723	98.998	2	0.499996	0	3712388518298864
724	98.998	2	0.506948	0	3712388518298864
725	98.999	2	0.214474	0.001	3712388518298864
726	98.998	2	0.499996	-0.001	3712388518298864
727	98.998	2	0.487848	0	3712388518298864
728	98.999	2	0.256903	0.001	3712388518298864
729	98.998	2	0.487848	-0.001	3712388518298864
730	98.999	2	0.214474	0.001	3712388518298864
731	98.998	2	0.473282	-0.001	3712388518298864
732	98.999	2	0.214474	0.001	3712388518298864
733	98.999	2	0.214474	0	3712388518298864
734	98.999	2	0.214474	0	3712388518298864
735	98.998	2	0.506948	-0.001	3712388518298864
736	98.999	2	0.256903	0.001	3712388518298864
737	98.999	2	0.268326	0	3712388518298864
738	98.999	2	0.256903	0	3712388518298864
739	98.998	2	0.499996	-0.001	3712388518298864
740	98.998	2	0.506948	0	3712388518298864
741	98.999	2	0.256903	0.001	3712388518298864
742	98.999	2	0.268326	0	3712388518298864
743	98.999	2	0.256903	0	3712388518298864
744	98.999	2	0.268326	0	3712388518298864
745	98.998	2	0.532913	-0.001	3712388518298864
746	98.998	2	0.526304	0	3712388518298864
747	98.998	2	0.532913	0	3712388518298864
748	98.999	2	0.303313	0.001	3712388518298864
749	98.999	2	0.34351	0	3712388518298864
750	98.998	2	0.568327	-0.001	3712388518298864
751	98.999	2	0.34351	0.001	3712388518298864
752	98.998	2	0.568327	-0.001	3712388518298864
753	98.998	2	0.550451	0	3712388518298864
754	98.999	2	0.314641	0.001	3712388518298864
755	98.998	2	0.550451	-0.001	3712388518298864
756	98.999	2	0.333165	0.001	3712388518298864
757	98.999	2	0.34351	0	3712388518298864
758	98.999	2	0.371482	0	3712388518298864
759	98.999	2	0.363317	0	3712388518298864
760	98.999	2	0.363317	0	3712388518298864
761	98.999	2	0.363317	0	3712388518298864
762	98.999	2	0.380787	0	3712388518298864
763	98.999	2	0.380787	0	3712388518298864
764	98.999	2	0.363317	0	3712388518298864
765	98.999	2	0.34351	0	3712388518298864
766	98.998	2	0.550451	-0.001	3712388518298864
767	98.999	2	0.303313	0.001	3712388518298864
768	98.998	2	0.526304	-0.001	3712388518298864
769	98.998	2	0.526304	0	3712388518298864
770	98.999	2	0.256903	0.001	3712388518298864
771	98.999	2	0.256903	0	3712388518298864
772	98.998	2	0.526304	-0.001	3712388518298864
773	98.999	2	0.256903	0.001	3712388518298864
774	98.999	2	0.256903	0	3712388518298864
775	98.999	2	0.256903	0	3712388518298864
776	98.998	2	0.499996	-0.001	3712388518298864
777	98.998	2	0.499996	0	3712388518298864
778	98.999	2	0.256903	0.001	3712388518298864
779	98.998	2	0.526304	-0.001	3712388518298864
780	98.999	2	0.256903	0.001	3712388518298864
781	98.999	2	0.256903	0	3712388518298864
782	98.998	2	0.526304	-0.001	3712388518298864
783	98.999	2	0.303313	0.001	3712388518298864
784	98.999	2	0.303313	0	3712388518298864
785	98.999	2	0.303313	0	3712388518298864
786	98.999	2	0.303313	0	3712388518298864
787	98.999	2	0.303313	0	3712388518298864
788	98.999	2	0.303313	0	3712388518298864
789	98.999	2	0.303313	0	3712388518298864
790	98.999	2	0.303313	0	3712388518298864
791	98.998	2	0.526304	-0.001	3712388518298864
792	98.998	2	0.526304	0	3712388518298864
793	98.998	2	0.526304	0	3712388518298864
794	98.999	2	0.303313	0.001	3712388518298864
795	98.998	2	0.550451	-0.001	3712388518298864
796	98.999	2	0.303313	0.001	3712388518298864
797	98.999	2	0.303313	0	3712388518298864
798	98.998	2	0.526304	-0.001	3712388518298864
799	98.999	2	0.256903	0.001	3712388518298864
800	98.998	2	0.499996	-0.001	3712388518298864
801	98.998	2	0.499996	0	3712388518298864
802	98.998	2	0.487848	0	3712388518298864
803	98.998	2	0.487848	0	3712388518298864
804	98.998	2	0.487848	0	3712388518298864
805	98.998	2	0.499996	0	3712388518298864
806	98.998	2	0.499996	0	3712388518298864
807	98.999	2	0.256903	0.001	3712388518298864
808	98.998	2	0.526304	-0.001	3712388518298864
809	98.998	2	0.526304	0	3712388518298864
810	98.998	2	0.526304	0	3712388518298864
811	98.998	2	0.526304	0	3712388518298864
812	98.999	2	0.268326	0.001	3712388518298864
813	98.998	2	0.526304	-0.001	3712388518298864
814	98.999	2	0.268326	0.001	3712388518298864
815	98.999	2	0.256903	0	3712388518298864
816	98.999	2	0.268326	0	3712388518298864
817	98.998	2	0.526304	-0.001	3712388518298864
818	98.999	2	0.268326	0.001	3712388518298864
819	98.999	2	0.256903	0	3712388518298864
820	98.998	2	0.506948	-0.001	3712388518298864
821	98.999	2	0.256903	0.001	3712388518298864
822	98.999	2	0.268326	0	3712388518298864
823	98.998	2	0.526304	-0.001	3712388518298864
824	98.999	2	0.268326	0.001	3712388518298864
825	98.998	2	0.526304	-0.001	3712388518298864
826	98.999	2	0.268326	0.001	3712388518298864
827	98.998	2	0.526304	-0.001	3712388518298864
828	98.998	2	0.532913	0	3712388518298864
829	98.998	2	0.526304	0	3712388518298864
830	98.998	2	0.532913	0	3712388518298864
831	98.998	2	0.526304	0	3712388518298864
832	98.999	2	0.268326	0.001	3712388518298864
833	98.998	2	0.526304	-0.001	3712388518298864
834	98.999	2	0.268326	0.001	3712388518298864
835	98.999	2	0.268326	0	3712388518298864
836	98.999	2	0.256903	0	3712388518298864
837	98.998	2	0.526304	-0.001	3712388518298864
838	98.999	2	0.268326	0.001	3712388518298864
839	98.998	2	0.532913	-0.001	3712388518298864
840	98.999	2	0.256903	0.001	3712388518298864
841	98.998	2	0.526304	-0.001	3712388518298864
842	98.998	2	0.499996	0	3712388518298864
843	98.998	2	0.499996	0	3712388518298864
844	98.998	2	0.506948	0	3712388518298864
845	98.999	2	0.256903	0.001	3712388518298864
846	98.998	2	0.506948	-0.001	3712388518298864
847	98.998	2	0.487848	0	3712388518298864
848	98.998	2	0.48062	0	3712388518298864
849	98.998	2	0.499996	0	3712388518298864
850	98.999	2	0.214474	0.001	3712388518298864
851	98.998	2	0.506948	-0.001	3712388518298864
852	98.998	2	0.506948	0	3712388518298864
853	98.998	2	0.506948	0	3712388518298864
854	98.999	2	0.256903	0.001	3712388518298864
855	98.998	2	0.506948	-0.001	3712388518298864
856	98.998	2	0.532913	0	3712388518298864
857	98.999	2	0.303313	0.001	3712388518298864
858	98.999	2	0.314641	0	3712388518298864
859	98.999	2	0.303313	0	3712388518298864
860	98.998	2	0.532913	-0.001	3712388518298864
861	98.999	2	0.268326	0.001	3712388518298864
862	98.999	2	0.256903	0	3712388518298864
863	98.998	2	0.532913	-0.001	3712388518298864
864	98.999	2	0.303313	0.001	3712388518298864
865	98.999	2	0.34351	0	3712388518298864
866	98.998	2	0.568327	-0.001	3712388518298864
867	98.999	2	0.333165	0.001	3712388518298864
868	98.999	2	0.34351	0	3712388518298864
869	98.999	2	0.314641	0	3712388518298864
870	98.999	2	0.303313	0	3712388518298864
871	98.999	2	0.303313	0	3712388518298864
872	98.999	2	0.34351	0	3712388518298864
873	98.999	2	0.363317	0	3712388518298864
874	98.999	2	0.371482	0	3712388518298864
875	98.999	2	0.371482	0	3712388518298864
876	98.999	2	0.380787	0	3712388518298864
877	98.999	2	0.371482	0	3712388518298864
878	98.998	2	0.568327	-0.001	3712388518298864
879	98.999	2	0.363317	0.001	3712388518298864
880	98.999	2	0.363317	0	3712388518298864
881	98.999	2	0.371482	0	3712388518298864
882	98.999	2	0.363317	0	3712388518298864
883	98.998	2	0.568327	-0.001	3712388518298864
884	98.999	2	0.34351	0.001	3712388518298864
885	98.998	2	0.568327	-0.001	3712388518298864
886	98.999	2	0.363317	0.001	3712388518298864
887	98.999	2	0.371482	0	3712388518298864
888	98.999	2	0.380787	0	3712388518298864
889	98.999	2	0.371482	0	3712388518298864
890	98.999	2	0.380787	0	3712388518298864
891	98.998	2	0.590759	-0.001	3712388518298864
892	98.999	2	0.396231	0.001	3712388518298864
893	98.998	2	0.590759	-0.001	3712388518298864
894	98.999	2	0.380787	0.001	3712388518298864
895	98.998	2	0.590759	-0.001	3712388518298864
896	98.999	2	0.396231	0.001	3712388518298864
897	98.998	2	0.590759	-0.001	3712388518298864
898	98.999	2	0.380787	0.001	3712388518298864
899	98.998	2	0.590759	-0.001	3712388518298864
900	98.999	2	0.380787	0.001	3712388518298864
901	98.998	2	0.590759	-0.001	3712388518298864
902	98.999	2	0.380787	0.001	3712388518298864
903	98.998	2	0.590759	-0.001	3712388518298864
904	98.999	2	0.380787	0.001	3712388518298864
905	98.998	2	0.590759	-0.001	3712388518298864
906	98.998	2	0.590759	0	3712388518298864
907	98.999	2	0.371482	0.001	3712388518298864
908	98.999	2	0.380787	0	3712388518298864
909	98.998	2	0.590759	-0.001	3712388518298864
910	98.999	2	0.396231	0.001	3712388518298864
911	98.999	2	0.404968	0	3712388518298864
912	98.999	2	0.396231	0	3712388518298864
913	98.999	2	0.404968	0	3712388518298864
914	98.999	2	0.41352	0	3712388518298864
915	98.999	2	0.404968	0	3712388518298864
916	98.999	2	0.396231	0	3712388518298864
917	98.999	2	0.404968	0	3712388518298864
918	98.999	2	0.41352	0	3712388518298864
919	98.999	2	0.404968	0	3712388518298864
920	98.999	2	0.396231	0	3712388518298864
921	98.999	2	0.404968	0	3712388518298864
922	98.999	2	0.41352	0	3712388518298864
923	98.999	2	0.404968	0	3712388518298864
924	98.999	2	0.396231	0	3712388518298864
925	98.998	2	0.590759	-0.001	3712388518298864
926	98.999	2	0.380787	0.001	3712388518298864
927	98.998	2	0.590759	-0.001	3712388518298864
928	98.999	2	0.380787	0.001	3712388518298864
929	98.998	2	0.590759	-0.001	3712388518298864
930	98.999	2	0.380787	0.001	3712388518298864
931	98.999	2	0.371482	0	3712388518298864
932	98.999	2	0.380787	0	3712388518298864
933	98.998	2	0.590759	-0.001	3712388518298864
934	98.999	2	0.396231	0.001	3712388518298864
935	98.999	2	0.404968	0	3712388518298864
936	98.999	2	0.41352	0	3712388518298864
937	98.999	2	0.404968	0	3712388518298864
938	98.999	2	0.41352	0	3712388518298864
939	98.999	2	0.420712	0	3712388518298864
940	98.999	2	0.41352	0	3712388518298864
941	98.999	2	0.404968	0	3712388518298864
942	98.999	2	0.41352	0	3712388518298864
943	98.999	2	0.420712	0	3712388518298864
944	98.999	2	0.41352	0	3712388518298864
945	98.999	2	0.420712	0	3712388518298864
946	98.999	2	0.428951	0	3712388518298864
947	98.999	2	0.420712	0	3712388518298864
948	98.999	2	0.428951	0	3712388518298864
949	98.999	2	0.420712	0	3712388518298864
950	98.999	2	0.41352	0	3712388518298864
951	98.999	2	0.420712	0	3712388518298864
952	98.999	2	0.428951	0	3712388518298864
953	98.999	2	0.437034	0	3712388518298864
954	98.999	2	0.428951	0	3712388518298864
955	98.999	2	0.437034	0	3712388518298864
956	98.999	2	0.428951	0	3712388518298864
957	98.999	2	0.437034	0	3712388518298864
958	99	1	0	0.001	3712388518298864
