Time	Displacement	BinCount	Variance	Velocity	Label
0	0	1	0	0	1827113733698289
1	0.102	4	0.317169	0.102	1827113733698289
2	0.202	5	0.449662	0.1	1827113733698289
3	0.297	5	0.545702	0.095	1827113733698289
4	0.4	7	0.637966	0.103	1827113733698289
5	0.496	7	0.710622	0.096	1827113733698289
6	0.585	7	0.778315	0.089	1827113733698289
7	0.687	7	0.836081	0.102	1827113733698289
8	0.793	7	0.899528	0.106	1827113733698289
9	0.885	8	0.954345	0.092	1827113733698289
10	0.985	8	1.00686	0.1	1827113733698289
11	1.091	8	1.05106	0.106	1827113733698289
12	1.201	8	1.10435	0.11	1827113733698289
13	1.309	9	1.16083	0.108	1827113733698289
14	1.41	10	1.20079	0.101	1827113733698289
15	1.505	10	1.22718	0.095	1827113733698289
16	1.599	9	1.24908	0.094	1827113733698289
17	1.69	10	1.27902	0.091	1827113733698289
18	1.798	10	1.31841	0.108	1827113733698289
19	1.891	10	1.34763	0.093	1827113733698289
20	1.998	11	1.39571	0.107	1827113733698289
21	2.094	12	1.43463	0.096	1827113733698289
22	2.208	12	1.47436	0.114	1827113733698289
23	2.298	13	1.51136	0.09	1827113733698289
24	2.389	12	1.5371	0.091	1827113733698289
25	2.51	13	1.59527	0.121	1827113733698289
26	2.615	14	1.63486	0.105	1827113733698289
27	2.722	14	1.66064	0.107	1827113733698289
28	2.82	14	1.69929	0.098	1827113733698289
29	2.912	14	1.72054	0.092	1827113733698289
30	2.988	15	1.7578	0.076	1827113733698289
31	3.078	15	1.79413	0.09	1827113733698289
32	3.169	16	1.83887	0.091	1827113733698289
33	3.286	16	1.89241	0.117	1827113733698289
34	3.418	16	1.91345	0.132	1827113733698289
35	3.534	16	1.96388	0.116	1827113733698289
36	3.638	16	1.96722	0.104	1827113733698289
37	3.735	16	1.98766	0.097	1827113733698289
38	3.849	17	2.03819	0.114	1827113733698289
39	3.942	16	2.05052	0.093	1827113733698289
40	4.038	17	2.09847	0.096	1827113733698289
41	4.142	16	2.10115	0.104	1827113733698289
42	4.259	17	2.16007	0.117	1827113733698289
43	4.386	16	2.1838	0.127	1827113733698289
44	4.51	17	2.21425	0.124	1827113733698289
45	4.609	17	2.23654	0.099	1827113733698289
46	4.726	17	2.26515	0.117	1827113733698289
47	4.801	17	2.27209	0.075	1827113733698289
48	4.884	16	2.26948	0.083	1827113733698289
49	4.978	16	2.30228	0.094	1827113733698289
50	5.085	18	2.31598	0.107	1827113733698289
51	5.199	18	2.33097	0.114	1827113733698289
52	5.303	18	2.34653	0.104	1827113733698289
53	5.452	17	2.40327	0.149	1827113733698289
54	5.497	18	2.39353	0.045	1827113733698289
55	5.607	19	2.44511	0.11	1827113733698289
56	5.716	18	2.44915	0.109	1827113733698289
57	5.852	18	2.49181	0.136	1827113733698289
58	5.937	18	2.50919	0.085	1827113733698289
59	6.043	18	2.54011	0.106	1827113733698289
60	6.16	19	2.54743	0.117	1827113733698289
61	6.278	19	2.56685	0.118	1827113733698289
62	6.386	20	2.58012	0.108	1827113733698289
63	6.451	19	2.6099	0.065	1827113733698289
64	6.514	21	2.65289	0.063	1827113733698289
65	6.598	20	2.64129	0.084	1827113733698289
66	6.707	20	2.64937	0.109	1827113733698289
67	6.803	19	2.66687	0.096	1827113733698289
68	6.913	20	2.71412	0.11	1827113733698289
69	7.02	21	2.74055	0.107	1827113733698289
70	7.129	21	2.73429	0.109	1827113733698289
71	7.248	21	2.75273	0.119	1827113733698289
72	7.321	21	2.78441	0.073	1827113733698289
73	7.424	21	2.78984	0.103	1827113733698289
74	7.543	22	2.80876	0.119	1827113733698289
75	7.641	22	2.81445	0.098	1827113733698289
76	7.748	22	2.84069	0.107	1827113733698289
77	7.847	22	2.88437	0.099	1827113733698289
78	7.948	22	2.91776	0.101	1827113733698289
79	8.041	23	2.90935	0.093	1827113733698289
80	8.176	23	2.91754	0.135	1827113733698289
81	8.286	22	2.91534	0.11	1827113733698289
82	8.373	22	2.92709	0.087	1827113733698289
83	8.444	23	2.95734	0.071	1827113733698289
84	8.53	23	2.97861	0.086	1827113733698289
85	8.643	22	2.99943	0.113	1827113733698289
86	8.772	22	3.02341	0.129	1827113733698289
87	8.838	22	3.03459	0.066	1827113733698289
88	8.915	22	3.05447	0.077	1827113733698289
89	9.026	22	3.02346	0.111	1827113733698289
90	9.135	22	3.07567	0.109	1827113733698289
91	9.202	23	3.09777	0.067	1827113733698289
92	9.37	22	3.13642	0.168	1827113733698289
93	9.479	22	3.15984	0.109	1827113733698289
94	9.592	22	3.1968	0.113	1827113733698289
95	9.712	22	3.2229	0.12	1827113733698289
96	9.767	21	3.21476	0.055	1827113733698289
97	9.879	22	3.20318	0.112	1827113733698289
98	9.96	22	3.22233	0.081	1827113733698289
99	10.019	22	3.24294	0.059	1827113733698289
100	10.168	22	3.25895	0.149	1827113733698289
101	10.226	23	3.24606	0.058	1827113733698289
102	10.288	21	3.23513	0.062	1827113733698289
103	10.372	21	3.22531	0.084	1827113733698289
104	10.437	22	3.22382	0.065	1827113733698289
105	10.513	22	3.25328	0.076	1827113733698289
106	10.614	22	3.25853	0.101	1827113733698289
107	10.734	22	3.30064	0.12	1827113733698289
108	10.807	23	3.32096	0.073	1827113733698289
109	10.93	22	3.34352	0.123	1827113733698289
110	11.002	23	3.35112	0.072	1827113733698289
111	11.108	23	3.38354	0.106	1827113733698289
112	11.181	22	3.37642	0.073	1827113733698289
113	11.271	22	3.42046	0.09	1827113733698289
114	11.377	23	3.43888	0.106	1827113733698289
115	11.47	23	3.45096	0.093	1827113733698289
116	11.542	24	3.44024	0.072	1827113733698289
117	11.68	25	3.47888	0.138	1827113733698289
118	11.806	25	3.52042	0.126	1827113733698289
119	11.942	24	3.48606	0.136	1827113733698289
120	12.001	24	3.502	0.059	1827113733698289
121	12.076	23	3.51358	0.075	1827113733698289
122	12.166	24	3.52285	0.09	1827113733698289
123	12.291	24	3.5116	0.125	1827113733698289
124	12.353	23	3.52979	0.062	1827113733698289
125	12.441	23	3.53405	0.088	1827113733698289
126	12.523	23	3.54901	0.082	1827113733698289
127	12.573	23	3.5328	0.05	1827113733698289
128	12.654	24	3.54532	0.081	1827113733698289
129	12.755	23	3.56216	0.101	1827113733698289
130	12.865	23	3.55454	0.11	1827113733698289
131	12.927	23	3.54326	0.062	1827113733698289
132	13.012	23	3.56453	0.085	1827113733698289
133	13.128	23	3.55354	0.116	1827113733698289
134	13.22	23	3.54212	0.092	1827113733698289
135	13.277	23	3.57621	0.057	1827113733698289
136	13.381	23	3.59136	0.104	1827113733698289
137	13.443	23	3.59274	0.062	1827113733698289
138	13.564	24	3.57853	0.121	1827113733698289
139	13.612	23	3.56531	0.048	1827113733698289
140	13.67	23	3.5647	0.058	1827113733698289
141	13.75	23	3.60007	0.08	1827113733698289
142	13.812	23	3.60412	0.062	1827113733698289
143	13.924	23	3.59252	0.112	1827113733698289
144	13.981	23	3.59049	0.057	1827113733698289
145	14.082	24	3.57593	0.101	1827113733698289
146	14.16	24	3.58279	0.078	1827113733698289
147	14.235	24	3.59802	0.075	1827113733698289
148	14.288	24	3.60708	0.053	1827113733698289
149	14.386	24	3.61621	0.098	1827113733698289
150	14.472	24	3.60627	0.086	1827113733698289
151	14.564	24	3.59387	0.092	1827113733698289
152	14.638	23	3.63469	0.074	1827113733698289
153	14.754	22	3.61241	0.116	1827113733698289
154	14.796	23	3.58739	0.042	1827113733698289
155	14.839	23	3.60265	0.043	1827113733698289
156	14.917	23	3.60196	0.078	1827113733698289
157	14.986	23	3.60303	0.069	1827113733698289
158	15.066	22	3.57948	0.08	1827113733698289
159	15.147	23	3.58377	0.081	1827113733698289
160	15.243	23	3.58273	0.096	1827113733698289
161	15.294	24	3.56196	0.051	1827113733698289
162	15.376	25	3.56618	0.082	1827113733698289
163	15.477	24	3.52257	0.101	1827113733698289
164	15.594	24	3.49287	0.117	1827113733698289
165	15.663	23	3.47713	0.069	1827113733698289
166	15.741	24	3.44789	0.078	1827113733698289
167	15.814	24	3.44709	0.073	1827113733698289
168	15.873	24	3.43597	0.059	1827113733698289
169	15.949	23	3.42526	0.076	1827113733698289
170	15.991	23	3.44411	0.042	1827113733698289
171	16.047	24	3.43115	0.056	1827113733698289
172	16.088	24	3.42568	0.041	1827113733698289
173	16.157	24	3.40519	0.069	1827113733698289
174	16.235	24	3.40335	0.078	1827113733698289
175	16.281	24	3.41058	0.046	1827113733698289
176	16.342	24	3.41892	0.061	1827113733698289
177	16.4	24	3.41848	0.058	1827113733698289
178	16.462	25	3.41666	0.062	1827113733698289
179	16.506	25	3.39602	0.044	1827113733698289
180	16.597	25	3.36728	0.091	1827113733698289
181	16.68	25	3.375	0.083	1827113733698289
182	16.75	25	3.38209	0.07	1827113733698289
183	16.821	25	3.36778	0.071	1827113733698289
184	16.864	25	3.35134	0.043	1827113733698289
185	16.924	25	3.34368	0.06	1827113733698289
186	17.006	25	3.32896	0.082	1827113733698289
187	17.064	25	3.32203	0.058	1827113733698289
188	17.146	25	3.30434	0.082	1827113733698289
189	17.215	25	3.29891	0.069	1827113733698289
190	17.202	25	3.29214	-0.013	1827113733698289
191	17.307	25	3.2796	0.105	1827113733698289
192	17.378	26	3.27217	0.071	1827113733698289
193	17.419	25	3.26136	0.041	1827113733698289
194	17.475	25	3.28761	0.056	1827113733698289
195	17.488	25	3.25559	0.013	1827113733698289
196	17.503	26	3.28603	0.015	1827113733698289
197	17.608	26	3.29702	0.105	1827113733698289
198	17.637	27	3.32148	0.029	1827113733698289
199	17.664	27	3.29759	0.027	1827113733698289
200	17.758	28	3.30854	0.094	1827113733698289
201	17.817	28	3.3028	0.059	1827113733698289
202	17.853	27	3.28685	0.036	1827113733698289
203	17.885	28	3.2901	0.032	1827113733698289
204	17.941	28	3.25062	0.056	1827113733698289
205	18.02	28	3.26061	0.079	1827113733698289
206	18.054	28	3.25747	0.034	1827113733698289
207	18.077	28	3.24347	0.023	1827113733698289
208	18.144	28	3.26225	0.067	1827113733698289
209	18.197	28	3.26561	0.053	1827113733698289
210	18.234	28	3.25887	0.037	1827113733698289
211	18.243	26	3.25852	0.009	1827113733698289
212	18.31	28	3.24251	0.067	1827113733698289
213	18.378	29	3.27477	0.068	1827113733698289
214	18.423	30	3.26084	0.045	1827113733698289
215	18.452	27	3.28781	0.029	1827113733698289
216	18.514	29	3.29178	0.062	1827113733698289
217	18.571	30	3.2842	0.057	1827113733698289
218	18.588	30	3.3293	0.017	1827113733698289
219	18.652	30	3.31103	0.064	1827113733698289
220	18.657	30	3.30686	0.005	1827113733698289
221	18.688	31	3.33926	0.031	1827113733698289
222	18.737	30	3.33869	0.049	1827113733698289
223	18.793	30	3.37582	0.056	1827113733698289
224	18.864	30	3.41196	0.071	1827113733698289
225	18.907	31	3.44447	0.043	1827113733698289
226	18.943	31	3.42239	0.036	1827113733698289
227	19.014	31	3.40232	0.071	1827113733698289
228	19.05	32	3.41108	0.036	1827113733698289
229	19.109	32	3.41	0.059	1827113733698289
230	19.161	32	3.45255	0.052	1827113733698289
231	19.23	33	3.49444	0.069	1827113733698289
232	19.234	34	3.45576	0.004	1827113733698289
233	19.265	33	3.47905	0.031	1827113733698289
234	19.324	33	3.53285	0.059	1827113733698289
235	19.385	33	3.61411	0.061	1827113733698289
236	19.427	34	3.58883	0.042	1827113733698289
237	19.5	33	3.65541	0.073	1827113733698289
238	19.518	34	3.6098	0.018	1827113733698289
239	19.564	34	3.65033	0.046	1827113733698289
240	19.584	35	3.64485	0.02	1827113733698289
241	19.591	34	3.65468	0.007	1827113733698289
242	19.653	34	3.65904	0.062	1827113733698289
243	19.744	34	3.7231	0.091	1827113733698289
244	19.79	34	3.72839	0.046	1827113733698289
245	19.825	34	3.72685	0.035	1827113733698289
246	19.856	34	3.75183	0.031	1827113733698289
247	19.911	34	3.75288	0.055	1827113733698289
248	19.953	33	3.77409	0.042	1827113733698289
249	20.002	34	3.82936	0.049	1827113733698289
250	20.076	33	3.82037	0.074	1827113733698289
251	20.113	34	3.78513	0.037	1827113733698289
252	20.18	35	3.8035	0.067	1827113733698289
253	20.24	36	3.81096	0.06	1827113733698289
254	20.343	35	3.84569	0.103	1827113733698289
255	20.405	36	3.86898	0.062	1827113733698289
256	20.464	35	3.90227	0.059	1827113733698289
257	20.553	34	3.97507	0.089	1827113733698289
258	20.632	35	3.9858	0.079	1827113733698289
259	20.693	35	4.01332	0.061	1827113733698289
260	20.709	34	4.05812	0.016	1827113733698289
261	20.792	33	4.10302	0.083	1827113733698289
262	20.829	34	4.08653	0.037	1827113733698289
263	20.921	34	4.18243	0.092	1827113733698289
264	20.984	34	4.18148	0.063	1827113733698289
265	21.025	34	4.19576	0.041	1827113733698289
266	21.123	35	4.26965	0.098	1827113733698289
267	21.205	35	4.32007	0.082	1827113733698289
268	21.25	36	4.34667	0.045	1827113733698289
269	21.325	37	4.40946	0.075	1827113733698289
270	21.387	36	4.44277	0.062	1827113733698289
271	21.469	38	4.4689	0.082	1827113733698289
272	21.558	37	4.53328	0.089	1827113733698289
273	21.664	38	4.59338	0.106	1827113733698289
274	21.785	38	4.7158	0.121	1827113733698289
275	21.837	38	4.71704	0.052	1827113733698289
276	21.912	38	4.80242	0.075	1827113733698289
277	21.983	38	4.79121	0.071	1827113733698289
278	22.059	37	4.83968	0.076	1827113733698289
279	22.148	38	4.90083	0.089	1827113733698289
280	22.194	39	4.92426	0.046	1827113733698289
281	22.285	39	4.98475	0.091	1827113733698289
282	22.395	39	5.0998	0.11	1827113733698289
283	22.485	39	5.18515	0.09	1827113733698289
284	22.625	39	5.26102	0.14	1827113733698289
285	22.686	40	5.27062	0.061	1827113733698289
286	22.795	40	5.28914	0.109	1827113733698289
287	22.935	40	5.3402	0.14	1827113733698289
288	23.006	41	5.36926	0.071	1827113733698289
289	23.14	40	5.4235	0.134	1827113733698289
290	23.24	39	5.42203	0.1	1827113733698289
291	23.354	40	5.50542	0.114	1827113733698289
292	23.344	40	5.48331	-0.01	1827113733698289
293	23.507	40	5.57862	0.163	1827113733698289
294	23.67	40	5.64979	0.163	1827113733698289
295	23.79	40	5.74142	0.12	1827113733698289
296	23.877	40	5.80731	0.087	1827113733698289
297	24.012	40	5.84499	0.135	1827113733698289
298	24.107	40	5.88511	0.095	1827113733698289
299	24.169	40	5.94655	0.062	1827113733698289
300	24.287	40	5.97692	0.118	1827113733698289
301	24.484	40	6.1264	0.197	1827113733698289
302	24.652	40	6.16732	0.168	1827113733698289
303	24.793	40	6.28826	0.141	1827113733698289
304	24.971	39	6.34982	0.178	1827113733698289
305	25.148	39	6.41857	0.177	1827113733698289
306	25.31	39	6.44871	0.162	1827113733698289
307	25.505	39	6.51652	0.195	1827113733698289
308	25.663	39	6.56128	0.158	1827113733698289
309	25.844	39	6.66481	0.181	1827113733698289
310	25.939	39	6.72088	0.095	1827113733698289
311	26.119	39	6.77228	0.18	1827113733698289
312	26.205	39	6.82495	0.086	1827113733698289
313	26.382	39	6.85734	0.177	1827113733698289
314	26.568	39	6.91696	0.186	1827113733698289
315	26.697	39	6.90422	0.129	1827113733698289
316	26.954	39	6.96921	0.257	1827113733698289
317	27.13	39	7.02973	0.176	1827113733698289
318	27.3	39	7.0883	0.17	1827113733698289
319	27.434	39	7.1243	0.134	1827113733698289
320	27.586	39	7.17792	0.152	1827113733698289
321	27.772	39	7.23035	0.186	1827113733698289
322	27.936	39	7.28058	0.164	1827113733698289
323	28.179	39	7.3643	0.243	1827113733698289
324	28.309	39	7.35469	0.13	1827113733698289
325	28.429	39	7.38166	0.12	1827113733698289
326	28.528	39	7.40022	0.099	1827113733698289
327	28.679	39	7.42334	0.151	1827113733698289
328	28.815	39	7.45344	0.136	1827113733698289
329	29.011	38	7.49112	0.196	1827113733698289
330	29.141	38	7.51459	0.13	1827113733698289
331	29.277	38	7.56758	0.136	1827113733698289
332	29.361	38	7.53748	0.084	1827113733698289
333	29.544	38	7.56195	0.183	1827113733698289
334	29.647	38	7.64012	0.103	1827113733698289
335	29.755	38	7.68271	0.108	1827113733698289
336	29.833	38	7.71765	0.078	1827113733698289
337	30.004	38	7.7519	0.171	1827113733698289
338	30.155	38	7.77432	0.151	1827113733698289
339	30.319	38	7.75843	0.164	1827113733698289
340	30.403	38	7.72849	0.084	1827113733698289
341	30.595	38	7.75422	0.192	1827113733698289
342	30.762	38	7.76514	0.167	1827113733698289
343	30.943	38	7.73012	0.181	1827113733698289
344	31.075	38	7.75844	0.132	1827113733698289
345	31.267	38	7.74937	0.192	1827113733698289
346	31.416	37	7.72793	0.149	1827113733698289
347	31.531	37	7.74293	0.115	1827113733698289
348	31.684	37	7.68259	0.153	1827113733698289
349	31.895	37	7.64133	0.211	1827113733698289
350	32.131	37	7.65035	0.236	1827113733698289
351	32.291	37	7.557	0.16	1827113733698289
352	32.48	37	7.54974	0.189	1827113733698289
353	32.643	37	7.49003	0.163	1827113733698289
354	32.833	37	7.4767	0.19	1827113733698289
355	33.012	37	7.46531	0.179	1827113733698289
356	33.201	37	7.41415	0.189	1827113733698289
357	33.332	37	7.37189	0.131	1827113733698289
358	33.51	36	7.38823	0.178	1827113733698289
359	33.648	35	7.35548	0.138	1827113733698289
360	33.79	35	7.35574	0.142	1827113733698289
361	33.969	35	7.3268	0.179	1827113733698289
362	34.035	35	7.35668	0.066	1827113733698289
363	34.196	35	7.3449	0.161	1827113733698289
364	34.307	35	7.32883	0.111	1827113733698289
365	34.538	35	7.37418	0.231	1827113733698289
366	34.668	35	7.3807	0.13	1827113733698289
367	34.784	35	7.31897	0.116	1827113733698289
368	34.908	35	7.2877	0.124	1827113733698289
369	35.047	35	7.26022	0.139	1827113733698289
370	35.194	35	7.25337	0.147	1827113733698289
371	35.343	35	7.25688	0.149	1827113733698289
372	35.469	35	7.24845	0.126	1827113733698289
373	35.637	35	7.21105	0.168	1827113733698289
374	35.764	35	7.20328	0.127	1827113733698289
375	35.872	35	7.2169	0.108	1827113733698289
376	36.007	35	7.13582	0.135	1827113733698289
377	36.174	35	7.13356	0.167	1827113733698289
378	36.334	35	7.13235	0.16	1827113733698289
379	36.41	35	7.11968	0.076	1827113733698289
380	36.501	35	7.08491	0.091	1827113733698289
381	36.573	35	7.08764	0.072	1827113733698289
382	36.708	35	7.06999	0.135	1827113733698289
383	36.874	35	7.06252	0.166	1827113733698289
384	37.012	35	7.04463	0.138	1827113733698289
385	37.15	34	7.02663	0.138	1827113733698289
386	37.324	34	7.04266	0.174	1827113733698289
387	37.527	34	6.99223	0.203	1827113733698289
388	37.599	34	6.98414	0.072	1827113733698289
389	37.694	34	6.96293	0.095	1827113733698289
390	37.806	34	6.93299	0.112	1827113733698289
391	37.942	34	6.88568	0.136	1827113733698289
392	38.013	34	6.86643	0.071	1827113733698289
393	38.169	34	6.82594	0.156	1827113733698289
394	38.299	34	6.76939	0.13	1827113733698289
395	38.456	34	6.72012	0.157	1827113733698289
396	38.565	34	6.73897	0.109	1827113733698289
397	38.655	34	6.76749	0.09	1827113733698289
398	38.81	34	6.71922	0.155	1827113733698289
399	38.933	34	6.74555	0.123	1827113733698289
400	39.003	34	6.73595	0.07	1827113733698289
401	39.123	34	6.69409	0.12	1827113733698289
402	39.238	34	6.68247	0.115	1827113733698289
403	39.412	34	6.61357	0.174	1827113733698289
404	39.527	34	6.57071	0.115	1827113733698289
405	39.649	34	6.61663	0.122	1827113733698289
406	39.773	34	6.60147	0.124	1827113733698289
407	39.929	34	6.54393	0.156	1827113733698289
408	40.047	34	6.5306	0.118	1827113733698289
409	40.162	34	6.47401	0.115	1827113733698289
410	40.261	34	6.45909	0.099	1827113733698289
411	40.33	33	6.41289	0.069	1827113733698289
412	40.447	33	6.29652	0.117	1827113733698289
413	40.517	32	6.29124	0.07	1827113733698289
414	40.664	32	6.22721	0.147	1827113733698289
415	40.852	32	6.17399	0.188	1827113733698289
416	40.965	32	6.17598	0.113	1827113733698289
417	41.075	31	6.15462	0.11	1827113733698289
418	41.237	31	6.09482	0.162	1827113733698289
419	41.363	31	6.02223	0.126	1827113733698289
420	41.472	31	5.97053	0.109	1827113733698289
421	41.597	31	5.89284	0.125	1827113733698289
422	41.77	31	5.86363	0.173	1827113733698289
423	41.879	31	5.8333	0.109	1827113733698289
424	41.993	31	5.77477	0.114	1827113733698289
425	42.13	31	5.66614	0.137	1827113733698289
426	42.175	31	5.60851	0.045	1827113733698289
427	42.268	31	5.60698	0.093	1827113733698289
428	42.324	31	5.56336	0.056	1827113733698289
429	42.369	31	5.61532	0.045	1827113733698289
430	42.452	31	5.54822	0.083	1827113733698289
431	42.541	31	5.52488	0.089	1827113733698289
432	42.637	31	5.39113	0.096	1827113733698289
433	42.723	31	5.4139	0.086	1827113733698289
434	42.785	31	5.36785	0.062	1827113733698289
435	42.865	31	5.29356	0.08	1827113733698289
436	42.912	31	5.28567	0.047	1827113733698289
437	43.023	31	5.28654	0.111	1827113733698289
438	43.055	31	5.27048	0.032	1827113733698289
439	43.123	31	5.23439	0.068	1827113733698289
440	43.191	31	5.244	0.068	1827113733698289
441	43.298	31	5.19319	0.107	1827113733698289
442	43.408	31	5.10417	0.11	1827113733698289
443	43.431	31	5.11295	0.023	1827113733698289
444	43.444	31	5.07936	0.013	1827113733698289
445	43.488	30	5.05221	0.044	1827113733698289
446	43.547	30	5.07679	0.059	1827113733698289
447	43.641	30	4.99571	0.094	1827113733698289
448	43.67	30	4.97947	0.029	1827113733698289
449	43.717	30	4.96658	0.047	1827113733698289
450	43.855	30	4.80416	0.138	1827113733698289
451	43.917	30	4.79762	0.062	1827113733698289
452	44.014	30	4.79195	0.097	1827113733698289
453	44.117	30	4.7367	0.103	1827113733698289
454	44.24	30	4.70334	0.123	1827113733698289
455	44.283	30	4.69062	0.043	1827113733698289
456	44.337	30	4.65987	0.054	1827113733698289
457	44.407	29	4.6321	0.07	1827113733698289
458	44.502	28	4.58977	0.095	1827113733698289
459	44.558	28	4.5738	0.056	1827113733698289
460	44.64	28	4.56579	0.082	1827113733698289
461	44.76	28	4.52807	0.12	1827113733698289
462	44.839	28	4.50478	0.079	1827113733698289
463	44.929	28	4.40442	0.09	1827113733698289
464	45.03	28	4.38305	0.101	1827113733698289
465	45.135	28	4.30544	0.105	1827113733698289
466	45.266	28	4.21251	0.131	1827113733698289
467	45.308	28	4.18021	0.042	1827113733698289
468	45.387	28	4.14937	0.079	1827113733698289
469	45.462	28	4.11893	0.075	1827113733698289
470	45.547	27	4.03817	0.085	1827113733698289
471	45.624	27	3.97148	0.077	1827113733698289
472	45.701	27	3.94773	0.077	1827113733698289
473	45.741	26	3.92746	0.04	1827113733698289
474	45.777	26	3.93005	0.036	1827113733698289
475	45.823	26	3.92207	0.046	1827113733698289
476	45.888	27	3.89634	0.065	1827113733698289
477	45.957	27	3.86227	0.069	1827113733698289
478	45.996	26	3.82831	0.039	1827113733698289
479	46.047	26	3.81874	0.051	1827113733698289
480	46.128	27	3.75681	0.081	1827113733698289
481	46.197	27	3.71997	0.069	1827113733698289
482	46.267	27	3.7195	0.07	1827113733698289
483	46.342	26	3.6147	0.075	1827113733698289
484	46.383	25	3.63364	0.041	1827113733698289
485	46.483	23	3.58521	0.1	1827113733698289
486	46.525	24	3.57175	0.042	1827113733698289
487	46.588	22	3.49689	0.063	1827113733698289
488	46.635	23	3.45656	0.047	1827113733698289
489	46.679	22	3.41511	0.044	1827113733698289
490	46.76	21	3.37334	0.081	1827113733698289
491	46.849	23	3.27646	0.089	1827113733698289
492	46.88	23	3.24046	0.031	1827113733698289
493	46.947	23	3.18028	0.067	1827113733698289
494	46.995	23	3.1523	0.048	1827113733698289
495	47.025	22	3.15727	0.03	1827113733698289
496	47.087	23	3.09555	0.062	1827113733698289
497	47.172	24	3.02992	0.085	1827113733698289
498	47.165	23	3.08379	-0.007	1827113733698289
499	47.238	22	2.99639	0.073	1827113733698289
500	47.306	22	2.93093	0.068	1827113733698289
501	47.339	21	2.91292	0.033	1827113733698289
502	47.394	23	2.89202	0.055	1827113733698289
503	47.433	23	2.89526	0.039	1827113733698289
504	47.48	23	2.83383	0.047	1827113733698289
505	47.534	23	2.78637	0.054	1827113733698289
506	47.535	23	2.76076	0.001	1827113733698289
507	47.554	23	2.73186	0.019	1827113733698289
508	47.626	23	2.65972	0.072	1827113733698289
509	47.66	23	2.64223	0.034	1827113733698289
510	47.714	23	2.60388	0.054	1827113733698289
511	47.75	20	2.58215	0.036	1827113733698289
512	47.778	19	2.50054	0.028	1827113733698289
513	47.824	17	2.42364	0.046	1827113733698289
514	47.823	17	2.45207	-0.001	1827113733698289
515	47.844	17	2.4215	0.021	1827113733698289
516	47.878	16	2.39565	0.034	1827113733698289
517	47.889	16	2.35493	0.011	1827113733698289
518	47.904	16	2.37356	0.015	1827113733698289
519	47.925	16	2.34848	0.021	1827113733698289
520	47.951	16	2.29883	0.026	1827113733698289
521	47.957	16	2.30481	0.006	1827113733698289
522	47.99	16	2.23873	0.033	1827113733698289
523	48.004	16	2.24989	0.014	1827113733698289
524	48.065	16	2.18696	0.061	1827113733698289
525	48.086	16	2.14	0.021	1827113733698289
526	48.114	16	2.14849	0.028	1827113733698289
527	48.138	15	2.0705	0.024	1827113733698289
528	48.152	14	2.02729	0.014	1827113733698289
529	48.195	14	2.00972	0.043	1827113733698289
530	48.219	14	1.94217	0.024	1827113733698289
531	48.24	14	1.96454	0.021	1827113733698289
532	48.265	13	1.95238	0.025	1827113733698289
533	48.275	13	1.95304	0.01	1827113733698289
534	48.301	13	1.84591	0.026	1827113733698289
535	48.334	13	1.81037	0.033	1827113733698289
536	48.343	13	1.81669	0.009	1827113733698289
537	48.355	13	1.81658	0.012	1827113733698289
538	48.387	13	1.79673	0.032	1827113733698289
539	48.408	13	1.75315	0.021	1827113733698289
540	48.421	13	1.72591	0.013	1827113733698289
541	48.426	13	1.76055	0.005	1827113733698289
542	48.443	13	1.63547	0.017	1827113733698289
543	48.457	13	1.68438	0.014	1827113733698289
544	48.477	13	1.67466	0.02	1827113733698289
545	48.482	13	1.71921	0.005	1827113733698289
546	48.489	13	1.68341	0.007	1827113733698289
547	48.507	13	1.65316	0.018	1827113733698289
548	48.53	13	1.58022	0.023	1827113733698289
549	48.544	13	1.50402	0.014	1827113733698289
550	48.565	13	1.47166	0.021	1827113733698289
551	48.562	13	1.5353	-0.003	1827113733698289
552	48.583	13	1.48125	0.021	1827113733698289
553	48.588	13	1.53077	0.005	1827113733698289
554	48.585	13	1.55331	-0.003	1827113733698289
555	48.595	13	1.5215	0.01	1827113733698289
556	48.609	13	1.51727	0.014	1827113733698289
557	48.612	13	1.45721	0.003	1827113733698289
558	48.626	13	1.44815	0.014	1827113733698289
559	48.632	13	1.50817	0.006	1827113733698289
560	48.638	13	1.46934	0.006	1827113733698289
561	48.644	12	1.4203	0.006	1827113733698289
562	48.667	12	1.41673	0.023	1827113733698289
563	48.672	12	1.37892	0.005	1827113733698289
564	48.684	12	1.33834	0.012	1827113733698289
565	48.685	12	1.3538	0.001	1827113733698289
566	48.71	12	1.28682	0.025	1827113733698289
567	48.719	12	1.26176	0.009	1827113733698289
568	48.722	12	1.30181	0.003	1827113733698289
569	48.745	12	1.25935	0.023	1827113733698289
570	48.75	12	1.26313	0.005	1827113733698289
571	48.754	12	1.2347	0.004	1827113733698289
572	48.744	12	1.33995	-0.01	1827113733698289
573	48.763	12	1.25731	0.019	1827113733698289
574	48.761	12	1.21691	-0.002	1827113733698289
575	48.77	12	1.16538	0.009	1827113733698289
576	48.764	12	1.24952	-0.006	1827113733698289
577	48.762	12	1.31885	-0.002	1827113733698289
578	48.784	12	1.18463	0.022	1827113733698289
579	48.794	12	1.1522	0.01	1827113733698289
580	48.794	12	1.17284	0	1827113733698289
581	48.805	12	1.2029	0.011	1827113733698289
582	48.814	11	1.14778	0.009	1827113733698289
583	48.82	11	1.07592	0.006	1827113733698289
584	48.826	11	1.03572	0.006	1827113733698289
585	48.825	11	1.04612	-0.001	1827113733698289
586	48.833	11	1.07987	0.008	1827113733698289
587	48.843	11	1.00963	0.01	1827113733698289
588	48.841	11	1.10622	-0.002	1827113733698289
589	48.848	11	1.0387	0.007	1827113733698289
590	48.845	11	1.05545	-0.003	1827113733698289
591	48.838	11	1.15011	-0.007	1827113733698289
592	48.842	11	1.13448	0.004	1827113733698289
593	48.858	11	1.07881	0.016	1827113733698289
594	48.866	11	1.0474	0.008	1827113733698289
595	48.879	11	1.04707	0.013	1827113733698289
596	48.877	11	1.02853	-0.002	1827113733698289
597	48.886	11	0.951842	0.009	1827113733698289
598	48.889	11	0.998839	0.003	1827113733698289
599	48.885	11	1.02116	-0.004	1827113733698289
600	48.885	11	0.95957	0	1827113733698289
601	48.892	11	1.00565	0.007	1827113733698289
602	48.903	10	0.910819	0.011	1827113733698289
603	48.913	10	0.816352	0.01	1827113733698289
604	48.91	10	1.02171	-0.003	1827113733698289
605	48.924	9	0.849838	0.014	1827113733698289
606	48.93	9	0.859709	0.006	1827113733698289
607	48.94	9	0.845813	0.01	1827113733698289
608	48.941	9	0.778793	0.001	1827113733698289
609	48.941	9	0.772346	0	1827113733698289
610	48.942	9	0.822579	0.001	1827113733698289
611	48.941	9	0.739945	-0.001	1827113733698289
612	48.934	9	0.805384	-0.007	1827113733698289
613	48.938	9	0.75641	0.004	1827113733698289
614	48.938	8	0.741051	0	1827113733698289
615	48.939	8	0.784397	0.001	1827113733698289
616	48.952	8	0.732595	0.013	1827113733698289
617	48.95	8	0.72698	-0.002	1827113733698289
618	48.948	8	0.779933	-0.002	1827113733698289
619	48.952	8	0.718816	0.004	1827113733698289
620	48.955	8	0.621269	0.003	1827113733698289
621	48.959	8	0.643676	0.004	1827113733698289
622	48.954	8	0.688392	-0.005	1827113733698289
623	48.957	8	0.669441	0.003	1827113733698289
624	48.952	8	0.76269	-0.005	1827113733698289
625	48.948	8	0.741145	-0.004	1827113733698289
626	48.948	7	0.668802	0	1827113733698289
627	48.951	7	0.724982	0.003	1827113733698289
628	48.949	7	0.635924	-0.002	1827113733698289
629	48.949	7	0.749933	0	1827113733698289
630	48.95	7	0.593717	0.001	1827113733698289
631	48.947	7	0.757094	-0.003	1827113733698289
632	48.944	7	0.762144	-0.003	1827113733698289
633	48.951	7	0.556416	0.007	1827113733698289
634	48.949	7	0.677052	-0.002	1827113733698289
635	48.949	7	0.672606	0	1827113733698289
636	48.948	7	0.60274	-0.001	1827113733698289
637	48.944	7	0.610626	-0.004	1827113733698289
638	48.949	7	0.662872	0.005	1827113733698289
639	48.952	7	0.603072	0.003	1827113733698289
640	48.958	6	0.60186	0.006	1827113733698289
641	48.96	6	0.628013	0.002	1827113733698289
642	48.958	6	0.60352	-0.002	1827113733698289
643	48.962	6	0.620932	0.004	1827113733698289
644	48.963	6	0.577608	0.001	1827113733698289
645	48.963	6	0.591296	0	1827113733698289
646	48.967	6	0.61718	0.004	1827113733698289
647	48.97	6	0.5469	0.003	1827113733698289
648	48.972	6	0.633416	0.002	1827113733698289
649	48.976	5	0.469493	0.004	1827113733698289
650	48.978	5	0.350023	0.002	1827113733698289
651	48.979	5	0.540887	0.001	1827113733698289
652	48.982	5	0.531673	0.003	1827113733698289
653	48.982	5	0.526	0	1827113733698289
654	48.984	5	0.435596	0.002	1827113733698289
655	48.983	5	0.485501	-0.001	1827113733698289
656	48.984	5	0.488614	0.001	1827113733698289
657	48.986	5	0.354689	0.002	1827113733698289
658	48.983	5	0.513528	-0.003	1827113733698289
659	48.983	5	0.425101	0	1827113733698289
660	48.984	5	0.41442	0.001	1827113733698289
661	48.984	5	0.512586	0	1827113733698289
662	48.985	5	0.338785	0.001	1827113733698289
663	48.985	5	0.469867	0	1827113733698289
664	48.984	5	0.478272	-0.001	1827113733698289
665	48.985	5	0.51164	0.001	1827113733698289
666	48.987	5	0.484594	0.002	1827113733698289
667	48.989	5	0.388431	0.002	1827113733698289
668	48.99	4	0.376696	0.001	1827113733698289
669	48.989	4	0.51757	-0.001	1827113733698289
670	48.989	4	0.444836	0	1827113733698289
671	48.99	4	0.385876	0.001	1827113733698289
672	48.992	4	0.320836	0.002	1827113733698289
673	48.992	4	0.463612	0	1827113733698289
674	48.992	4	0.367336	0	1827113733698289
675	48.991	4	0.422988	-0.001	1827113733698289
676	48.992	4	0.370049	0.001	1827113733698289
677	48.993	4	0.428895	0.001	1827113733698289
678	48.994	4	0.412267	0.001	1827113733698289
679	48.994	4	0.374118	0	1827113733698289
680	48.993	4	0.479532	-0.001	1827113733698289
681	48.994	4	0.344912	0.001	1827113733698289
682	48.995	3	0.37944	0.001	1827113733698289
683	48.995	3	0.333129	0	1827113733698289
684	48.995	3	0.328595	0	1827113733698289
685	48.994	3	0.443806	-0.001	1827113733698289
686	48.995	3	0.352101	0.001	1827113733698289
687	48.997	3	0.244931	0.002	1827113733698289
688	48.995	3	0.4074	-0.002	1827113733698289
689	48.995	3	0.47326	0	1827113733698289
690	48.996	3	0.418311	0.001	1827113733698289
691	48.998	3	0.242891	0.002	1827113733698289
692	48.997	3	0.43588	-0.001	1827113733698289
693	48.998	3	0.314636	0.001	1827113733698289
694	48.998	3	0.314636	0	1827113733698289
695	48.998	3	0.356365	0	1827113733698289
696	48.998	3	0.402487	0	1827113733698289
697	48.998	3	0.386	0	1827113733698289
698	48.998	3	0.378148	0	1827113733698289
699	48.998	3	0.36055	0	1827113733698289
700	48.998	3	0.361934	0	1827113733698289
701	48.998	3	0.356365	0	1827113733698289
702	48.998	3	0.298322	0	1827113733698289
703	48.997	3	0.376817	-0.001	1827113733698289
704	48.998	3	0.293251	0.001	1827113733698289
705	48.998	3	0.342047	0	1827113733698289
706	48.998	3	0.339111	0	1827113733698289
707	48.998	3	0.389867	0	1827113733698289
708	48.997	3	0.460425	-0.001	1827113733698289
709	48.998	3	0.281062	0.001	1827113733698289
710	48.997	3	0.417122	-0.001	1827113733698289
711	48.998	3	0.275674	0.001	1827113733698289
712	48.997	3	0.399989	-0.001	1827113733698289
713	48.997	3	0.379461	0	1827113733698289
714	48.998	3	0.284598	0.001	1827113733698289
715	48.998	3	0.356365	0	1827113733698289
716	48.998	2	0.356365	0	1827113733698289
717	48.998	2	0.343505	0	1827113733698289
718	48.998	2	0.319368	0	1827113733698289
719	48.998	2	0.356365	0	1827113733698289
720	48.998	2	0.347845	0	1827113733698289
721	48.998	2	0.343505	0	1827113733698289
722	48.999	2	0.204937	0.001	1827113733698289
723	48.999	2	0.204937	0	1827113733698289
724	48.999	2	0.221357	0	1827113733698289
725	48.999	2	0.254949	0	1827113733698289
726	48.998	2	0.411091	-0.001	1827113733698289
727	48.999	2	0.272028	0.001	1827113733698289
728	48.999	2	0.289826	0	1827113733698289
729	49	1	0	0.001	1827113733698289
